2	1272.59
604	1161.28
1206	1099.71
1808	1075.48
2410	1051.98
3012	1027.32
3614	1001.85
4216	978.124
4818	954.373
5420	928.975
6022	896.462
6624	852.993
7226	829.33
7828	816.789
8430	786.08
9032	732.996
9634	707.422
10236	684.018
10838	670.343
11440	657.597
12042	645.954
12644	636.439
13246	606.146
13848	594.443
14450	576.845
15052	557.287
15654	548.232
16256	530.559
16858	525.631
17460	505.814
18062	483.087
18664	466.638
19266	449.684
19868	434.891
20470	421.213
21072	411.441
21674	400.209
22276	390.722
22878	379.896
23480	373.188
24082	365.962
24684	358.074
25286	347.007
25888	343.364
26490	335.658
27092	322.715
27694	322.272
28296	321.51
28898	314.476
29500	308.587
30102	303.001
30704	302.165
31306	301.949
31908	297.241
32510	289.727
33112	289.727
33714	285.11
34316	280.288
34918	270.67
35520	267.294
36122	255.659
36724	249.332
37326	241.131
37928	236.047
38530	234.721
39132	233.562
39734	227.707
40336	221.033
40938	211.702
41540	203.391
42142	198.958
42744	197.859
43346	195.598
43948	195.326
44550	195.326
45152	193.741
45754	190.689
46356	190.608
46958	190.497
47560	187.338
48162	187.338
48764	187.338
49366	187.338
49968	187.338
50570	187.338
51172	185.101
51774	183.183
52376	183.183
52978	183.183
53580	183.183
54182	183.028
54784	183.028
55386	182.443
55988	179.492
56590	178.201
57192	177.587
57794	173.052
58396	171.65
58998	171.59
59600	170.438
60202	170.438
60804	168.62
61406	168.088
62008	165.602
62610	164.746
63212	158.912
63814	158.409
64416	158.409
65018	155.057
65620	154.648
66222	154.648
66824	154.648
67426	154.648
68028	154.648
68630	154.648
69232	154.648
69834	154.648
70436	152.999
71038	150.967
71640	150.967
72242	149.948
72844	148.255
73446	147.585
74048	146.162
74650	145.088
75252	144.683
75854	143.704
76456	143.704
77058	143.704
77660	142.844
78262	141.709
78864	141.544
79466	141.544
80068	141.445
80670	139.029
81272	139.006
81874	137.177
82476	136.716
83078	136.716
83680	136.716
84282	136.716
84884	136.716
85486	136.716
86088	136.716
86690	136.716
87292	136.716
87894	136.716
88496	136.716
89098	136.716
89700	136.716
90302	136.716
90904	134.874
91506	134.874
92108	134.874
92710	134.874
93312	134.874
93914	134.874
94516	134.874
95118	134.874
95720	134.874
96322	134.229
96924	132.568
97526	130.703
98128	128.352
98730	126.541
99332	126.455
99934	126.455
100536	125.972
101138	125.972
101740	125.972
102342	125.972
102944	125.972
103546	125.424
104148	124.617
104750	121.681
105352	121.681
105954	121.681
106556	121.681
107158	120.621
107760	118.157
108362	116.489
108964	115.431
109566	115.431
110168	115.431
110770	114.243
111372	111.919
111974	111.107
112576	110.82
113178	110.82
113780	110.82
114382	110.82
114984	110.82
115586	110.82
116188	110.82
116790	110.82
117392	110.82
117994	110.525
118596	110.525
119198	110.525
119800	110.525
120402	110.525
121004	110.525
121606	110.525
122208	110.31
122810	110.07
123412	110.07
124014	110.07
124616	110.07
125218	110.07
125820	109.812
126422	108.407
127024	107.721
127626	107.721
128228	107.721
128830	107.721
129432	107.721
130034	107.358
130636	107.358
131238	107.358
131840	107.358
132442	107.358
133044	107.358
133646	107.358
134248	107.34
134850	107.34
135452	107.34
136054	106.774
136656	106.774
137258	106.774
137860	106.774
138462	106.774
139064	105.55
139666	103.895
140268	103.895
140870	103.782
141472	103.782
142074	103.782
142676	102.393
143278	101.203
143880	101.203
144482	101.045
145084	101.045
145686	100.705
146288	100.705
146890	100.705
147492	100.705
148094	100.705
148696	100.705
149298	100.705
149900	100.705
150502	100.211
151104	99.4283
151706	98.5946
152308	98.0524
152910	98.0524
153512	96.0241
154114	96.0241
154716	96.0241
155318	96.0241
155920	96.0241
156522	96.0241
157124	96.0241
157726	96.0241
158328	96.0241
158930	96.0241
159532	95.1116
160134	94.1399
160736	94.0693
161338	93.8173
161940	93.5853
162542	92.9344
163144	92.3399
163746	92.0103
164348	92.0103
164950	90.6471
165552	89.9137
166154	89.9137
166756	89.6888
167358	89.2935
167960	87.9689
168562	87.0709
169164	87.0709
169766	87.0709
170368	87.0709
170970	87.0709
171572	86.5267
172174	85.575
172776	85.465
173378	85.2602
173980	85.1791
174582	84.9287
175184	84.5577
175786	84.4289
176388	83.6777
176990	83.6777
177592	83.6777
178194	82.9003
178796	81.0981
179398	81.0981
180000	80.8358
180602	80.8358
181204	80.7634
181806	79.7695
182408	79.7695
183010	79.7695
183612	79.0291
184214	79.0291
184816	79.0291
185418	79.0291
186020	79.0291
186622	79.0291
187224	79.0291
187826	79.0291
188428	79.0291
189030	79.0291
189632	79.0291
190234	79.0291
190836	79.0291
191438	79.0291
192040	79.0291
192642	79.0291
193244	79.0291
193846	79.0291
194448	79.0291
195050	79.0291
195652	79.0291
196254	79.0291
196856	79.0291
197458	79.0291
198060	78.9808
198662	77.5275
199264	76.5072
199866	75.4081
200468	74.7886
201070	74.2196
201672	71.7997
202274	71.7659
202876	71.52
203478	71.4158
204080	68.8164
204682	68.8164
205284	68.8164
205886	68.8164
206488	68.7887
207090	68.7887
207692	68.26
208294	67.8859
208896	66.6745
209498	66.5611
210100	65.7657
210702	65.3411
211304	65.3411
211906	65.3411
212508	65.3411
213110	65.3411
213712	65.3411
214314	65.3411
214916	65.3411
215518	65.3411
216120	65.3411
216722	65.3411
217324	65.3411
217926	65.3411
218528	65.3411
219130	65.3411
219732	65.3411
220334	65.3411
220936	65.3411
221538	65.3411
222140	65.3411
222742	65.3411
223344	65.3411
223946	65.3411
224548	65.3411
225150	65.3411
225752	65.3411
226354	65.3411
226956	65.3411
227558	65.3411
228160	65.3411
228762	65.3411
229364	65.3411
229966	65.3411
230568	64.8406
231170	64.7246
231772	64.7246
232374	64.7246
232976	64.7246
233578	64.7246
234180	64.7246
234782	63.8333
235384	63.8333
235986	63.8333
236588	63.8333
237190	63.8333
237792	63.8333
238394	62.6796
238996	61.4636
239598	61.3084
240200	60.7921
240802	60.7921
241404	60.7921
242006	60.7921
242608	60.7921
243210	59.6667
243812	58.4729
244414	54.8158
245016	54.6565
245618	53.318
246220	53.318
246822	53.318
247424	53.318
248026	52.3403
248628	50.5972
249230	50.5718
249832	49.6292
250434	49.0909
251036	49.0909
251638	49.0909
252240	49.0909
252842	49.0909
253444	49.0909
254046	49.0909
254648	48.9509
255250	48.3449
255852	48.3449
256454	48.3449
257056	48.3449
257658	48.3449
258260	48.3449
258862	48.3449
259464	48.3449
260066	48.3449
260668	48.3449
261270	48.3449
261872	48.3449
262474	48.3449
263076	48.3449
263678	48.3449
264280	48.3449
264882	47.8049
265484	47.4177
266086	47.4177
266688	47.4177
267290	47.4177
267892	47.4177
268494	47.4177
269096	47.4177
269698	47.2016
270300	47.2016
270902	47.2016
271504	47.2016
272106	47.2016
272708	47.2016
273310	47.2016
273912	47.2016
274514	47.2016
275116	47.0953
275718	47.0953
276320	46.5093
276922	46.5093
277524	46.5093
278126	46.5093
278728	46.5093
279330	46.5093
279932	46.5093
280534	46.5093
281136	45.7395
281738	45.4533
282340	45.4533
282942	45.3026
283544	45.3026
284146	45.3026
284748	45.291
285350	45.291
285952	45.291
286554	45.291
287156	45.291
287758	44.6316
288360	44.4845
288962	44.2219
289564	43.0138
290166	42.8275
290768	42.8275
291370	42.8275
291972	42.6188
292574	41.8306
293176	40.7649
293778	40.6103
294380	40.6103
294982	40.6103
295584	40.4556
296186	40.3803
296788	39.5798
297390	39.5798
297992	39.5798
298594	39.0271
299196	38.3364
299798	38.3364
300400	37.7318
301002	36.8818
301604	36.8818
302206	36.8818
302808	36.8818
303410	36.8818
304012	36.8818
304614	36.8818
305216	36.8818
305818	36.8818
306420	36.8818
307022	36.8678
307624	36.8678
308226	36.8678
308828	36.687
309430	36.394
310032	36.3934
310634	36.3008
311236	35.964
311838	35.1327
312440	34.8254
313042	34.2744
313644	34.1151
314246	33.5389
314848	33.5389
315450	33.5389
316052	33.5389
316654	33.5389
317256	33.5389
317858	33.5389
318460	33.5389
319062	33.5389
319664	33.5389
320266	33.2586
320868	33.2586
321470	32.5024
322072	32.5024
322674	32.3899
323276	32.3899
323878	32.3899
324480	32.3899
325082	32.3899
325684	32.3899
326286	32.3899
326888	32.3899
327490	32.3899
328092	32.3899
328694	32.3899
329296	32.3899
329898	32.3899
330500	32.3899
331102	32.3899
331704	32.3899
332306	32.3899
332908	32.3899
333510	32.3899
334112	32.3899
334714	32.3899
335316	32.3899
335918	32.3899
336520	32.3899
337122	32.3899
337724	32.3899
338326	32.3899
338928	31.8669
339530	30.3008
340132	30.3008
340734	30.2047
341336	30.2047
341938	30.0903
342540	30.0903
343142	30.0903
343744	30.0903
344346	29.9992
344948	29.9992
345550	29.9992
346152	29.9992
346754	29.9992
347356	29.9992
347958	29.9992
348560	29.9992
349162	29.9992
349764	29.9992
350366	29.9992
350968	29.9992
351570	29.9992
352172	29.9992
352774	29.9543
353376	29.9543
353978	29.0401
354580	29.0401
355182	29.0401
355784	28.9746
356386	28.9746
356988	27.9287
357590	27.9269
358192	27.9269
358794	27.9269
359396	27.9269
359998	27.9269
360600	27.9269
361202	27.9269
361804	27.9269
362406	27.9269
363008	27.9269
363610	27.9269
364212	27.9269
364814	27.9269
365416	27.9269
366018	27.5887
366620	27.5887
367222	26.9599
367824	26.9599
368426	26.5974
369028	26.5974
369630	26.5974
370232	26.5974
370834	26.5974
371436	26.5974
372038	26.5974
372640	26.5974
373242	26.4396
373844	25.8398
374446	25.6979
375048	25.6979
375650	25.6979
376252	25.6979
376854	25.6979
377456	25.5169
378058	25.5169
378660	25.2085
379262	25.2085
379864	25.1361
380466	25.0701
381068	25.0701
381670	25.0701
382272	25.0701
382874	25.0701
383476	25.0701
384078	25.0701
384680	25.0701
385282	25.0701
385884	24.857
386486	24.6701
387088	24.1914
387690	24.1914
388292	24.1914
388894	24.1914
389496	24.1914
390098	24.1914
390700	24.1914
391302	24.1914
391904	24.1914
392506	24.1914
393108	24.1914
393710	24.1914
394312	23.7971
394914	23.5847
395516	23.5847
396118	23.5847
396720	23.5847
397322	23.5847
397924	23.5847
398526	23.5847
399128	23.5847
399730	23.5847
400332	23.5847
400934	23.5847
401536	23.5847
402138	23.5847
402740	23.5847
403342	23.5847
403944	23.5847
404546	23.5847
405148	23.5847
405750	23.5847
406352	23.5847
406954	23.5847
407556	23.5847
408158	23.5847
408760	23.5847
409362	23.2897
409964	23.2897
410566	22.8811
411168	22.8811
411770	22.8811
412372	22.8811
412974	22.8811
413576	22.8811
414178	22.8811
414780	22.8811
415382	22.8811
415984	22.7611
416586	22.7611
417188	22.7611
417790	22.7611
418392	22.2801
418994	22.2801
419596	22.2801
420198	22.2801
420800	22.2801
421402	22.2801
422004	22.2801
422606	22.1091
423208	21.6768
423810	21.6768
424412	21.6768
425014	21.6768
425616	21.6768
426218	21.6768
426820	21.3099
427422	21.3099
428024	21.3099
428626	21.3099
429228	21.3099
429830	20.9004
430432	20.5221
431034	20.5221
431636	20.5221
432238	20.5221
432840	20.5221
433442	20.5221
434044	20.5221
434646	20.5221
435248	20.5221
435850	20.5221
436452	20.2676
437054	19.982
437656	19.982
438258	19.982
438860	19.982
439462	19.982
440064	19.8278
440666	19.8278
441268	19.1998
441870	18.6463
442472	18.6463
443074	18.6463
443676	18.6463
444278	18.6463
444880	18.6463
445482	18.6463
446084	18.6463
446686	18.6463
447288	18.6463
447890	18.6463
448492	18.6463
449094	18.2094
449696	18.2094
450298	18.2094
450900	18.2094
451502	18.1565
452104	18.1565
452706	18.1565
453308	18.1565
453910	18.1565
454512	18.1565
455114	17.9985
455716	17.9985
456318	17.9985
456920	17.9985
457522	17.9772
458124	17.9772
458726	17.9772
459328	17.9772
459930	17.9772
460532	17.9772
461134	17.9772
461736	17.9772
462338	17.9772
462940	17.9772
463542	17.9115
464144	17.7733
464746	17.7733
465348	17.7733
465950	17.7733
466552	17.7733
467154	17.7733
467756	17.7733
468358	17.4989
468960	17.3525
469562	17.3525
470164	17.3525
470766	17.3525
471368	17.3525
471970	17.3482
472572	17.3482
473174	17.3482
473776	17.3482
474378	17.3482
474980	17.3482
475582	17.2097
476184	17.2097
476786	17.2097
477388	17.2097
477990	17.2097
478592	17.2097
479194	17.2097
479796	17.2097
480398	17.2097
481000	17.2097
481602	17.2097
482204	17.2097
482806	17.2097
483408	17.2097
484010	17.2097
484612	17.2097
485214	17.2097
485816	17.2097
486418	17.2097
487020	17.2097
487622	17.2097
488224	17.2097
488826	17.1652
489428	17.1652
490030	16.8655
490632	16.8655
491234	16.8655
491836	16.8655
492438	16.8655
493040	16.8655
493642	16.8655
494244	16.687
494846	16.687
495448	16.687
496050	16.687
496652	16.4403
497254	16.4403
497856	16.4403
498458	16.4403
499060	16.4403
499662	16.4403
500264	16.4403
500866	16.4403
501468	16.4403
502070	16.4403
502672	16.4403
503274	16.4403
503876	16.4403
504478	16.4403
505080	16.4403
505682	16.4403
506284	16.4403
506886	16.4403
507488	16.4403
508090	16.4403
508692	16.4403
509294	16.4403
509896	16.4403
510498	16.4403
511100	16.4403
511702	16.4403
512304	16.4403
512906	16.3592
513508	16.0495
514110	16.0114
514712	16.0114
515314	16.0114
515916	16.0114
516518	15.6289
517120	15.3583
517722	15.3583
518324	15.1371
518926	15.1371
519528	15.1371
520130	15.1371
520732	15.0723
521334	15.0723
521936	15.0723
522538	14.8103
523140	14.8103
523742	14.8036
524344	14.8036
524946	14.8036
525548	14.8036
526150	14.8036
526752	14.6191
527354	14.6191
527956	14.6191
528558	14.5337
529160	14.1376
529762	14.1376
530364	14.1376
530966	14.1376
531568	14.1376
532170	14.1376
532772	14.1376
533374	14.1376
533976	14.1376
534578	14.1376
535180	14.1376
535782	13.8997
536384	13.5893
536986	13.5893
537588	13.5893
538190	13.5893
538792	13.5893
539394	13.5893
539996	13.5893
540598	13.5893
541200	13.5893
541802	13.5893
542404	13.5893
543006	13.5893
543608	13.5893
544210	13.5893
544812	13.5893
545414	13.5893
546016	13.5893
546618	13.5893
547220	13.5893
547822	13.5893
548424	13.5893
549026	13.5893
549628	13.5893
550230	13.5893
550832	13.5893
551434	13.5893
552036	13.5893
552638	13.5893
553240	13.5893
553842	13.3226
554444	13.2512
555046	13.2512
555648	12.9978
556250	12.4581
556852	12.4032
557454	12.3884
558056	12.2426
558658	12.2426
559260	12.155
559862	12.0765
560464	12.0765
561066	12.0765
561668	12.0765
562270	11.8311
562872	11.8311
563474	11.764
564076	11.7465
564678	11.7465
565280	11.5661
565882	11.5661
566484	11.5661
567086	11.2183
567688	11.2183
568290	11.2183
568892	11.2183
569494	11.2183
570096	11.2183
570698	11.2183
571300	11.2183
571902	11.2183
572504	11.2183
573106	11.2183
573708	11.2183
574310	11.2183
574912	11.2183
575514	11.2183
576116	11.2183
576718	11.2183
577320	11.2183
577922	11.2183
578524	11.2183
579126	11.2183
579728	11.2183
580330	11.0992
580932	11.0992
581534	11.0992
582136	11.0992
582738	10.6595
583340	10.5195
583942	10.5195
584544	10.5155
585146	10.5155
585748	10.3811
586350	10.3811
586952	10.3811
587554	10.3811
588156	10.2194
588758	10.0935
589360	10.0935
589962	10.0935
590564	10.0935
591166	10.0935
591768	10.0935
592370	10.0935
592972	10.0935
593574	10.0935
594176	10.0935
594778	10.0935
595380	10.0935
595982	10.0935
596584	10.0935
597186	10.0935
597788	10.0935
598390	10.0935
598992	10.0935
599594	10.0935
600196	10.0935
600798	10.0935
601400	10.0935
602002	10.0935
602604	10.0935
603206	10.0935
603808	10.0935
604410	10.0935
605012	10.0935
605614	9.91284
606216	9.91284
606818	9.91284
607420	9.77986
608022	9.77986
608624	9.77986
609226	9.57977
609828	9.57977
610430	9.57977
611032	9.57977
611634	9.57232
612236	9.45206
612838	9.36163
613440	9.36163
614042	9.36163
614644	9.36163
615246	9.36163
615848	9.36163
616450	9.36163
617052	9.36163
617654	9.36163
618256	9.36163
618858	9.36163
619460	9.36163
620062	9.36163
620664	9.36163
621266	9.36163
621868	9.36163
622470	9.36163
623072	9.36163
623674	9.20125
624276	9.20125
624878	9.07576
625480	9.07576
626082	9.07576
626684	9.07576
627286	9.07576
627888	9.07576
628490	9.07576
629092	8.98646
629694	8.8794
630296	8.8794
630898	8.8794
631500	8.8794
632102	8.8794
632704	8.8794
633306	8.8794
633908	8.8794
634510	8.8794
635112	8.8794
635714	8.86038
636316	8.8254
636918	8.8254
637520	8.8254
638122	8.60738
638724	8.50696
639326	8.39969
639928	8.39969
640530	8.39969
641132	8.39969
641734	8.27944
642336	8.27944
642938	8.27944
643540	8.27944
644142	8.27944
644744	8.27944
645346	8.1353
645948	8.01943
646550	8.01943
647152	8.01943
647754	8.01943
648356	8.01943
648958	8.01943
649560	8.01943
650162	8.01943
650764	7.99908
651366	7.94202
651968	7.94202
652570	7.94202
653172	7.94202
653774	7.94202
654376	7.94202
654978	7.94202
655580	7.94202
656182	7.89323
656784	7.89323
657386	7.86269
657988	7.86269
658590	7.86269
659192	7.86269
659794	7.86269
660396	7.86269
660998	7.86269
661600	7.79612
662202	7.79612
662804	7.79612
663406	7.79612
664008	7.79612
664610	7.53028
665212	7.47939
665814	7.46521
666416	7.46521
667018	7.46521
667620	7.46521
668222	7.46521
668824	7.45091
669426	7.45091
670028	7.45091
670630	7.45091
671232	7.45091
671834	7.45091
672436	7.44555
673038	7.44555
673640	7.44555
674242	7.44555
674844	7.44555
675446	7.44555
676048	7.38379
676650	7.37198
677252	7.34276
677854	7.34276
678456	7.34276
679058	7.34276
679660	7.34276
680262	7.34276
680864	7.34276
681466	7.31263
682068	7.31263
682670	7.31263
683272	7.31263
683874	7.31263
684476	7.31263
685078	7.25801
685680	7.25801
686282	7.07137
686884	6.84887
687486	6.84887
688088	6.84887
688690	6.8197
689292	6.8197
689894	6.8197
690496	6.8197
691098	6.8197
691700	6.8197
692302	6.78791
692904	6.69171
693506	6.6131
694108	6.59995
694710	6.59995
695312	6.59995
695914	6.56598
696516	6.56598
697118	6.56598
697720	6.56598
698322	6.56598
698924	6.56598
699526	6.56598
700128	6.56598
700730	6.56598
701332	6.56598
701934	6.49466
702536	6.49466
703138	6.49466
703740	6.49466
704342	6.49466
704944	6.23275
705546	6.23275
706148	6.23275
706750	6.23275
707352	6.21504
707954	6.21504
708556	6.21504
709158	6.21504
709760	6.14901
710362	6.14901
710964	6.14901
711566	6.14901
712168	6.14901
712770	6.14901
713372	6.14901
713974	6.14901
714576	6.14901
715178	6.14901
715780	6.14901
716382	6.14901
716984	6.14901
717586	6.14723
718188	6.14723
718790	5.8939
719392	5.8939
719994	5.8939
720596	5.81959
721198	5.7792
721800	5.65542
722402	5.65542
723004	5.65542
723606	5.65542
724208	5.65542
724810	5.65542
725412	5.65542
726014	5.65542
726616	5.65542
727218	5.65542
727820	5.65542
728422	5.65542
729024	5.64128
729626	5.64128
730228	5.64128
730830	5.64128
731432	5.64128
732034	5.64128
732636	5.64128
733238	5.64128
733840	5.64128
734442	5.64128
735044	5.48806
735646	5.48806
736248	5.48806
736850	5.48806
737452	5.48806
738054	5.48806
738656	5.48806
739258	5.48806
739860	5.48806
740462	5.48806
741064	5.48806
741666	5.48806
742268	5.48806
742870	5.48806
743472	5.48806
744074	5.48806
744676	5.48806
745278	5.48806
745880	5.48806
746482	5.48806
747084	5.48806
747686	5.35012
748288	5.35012
748890	5.29135
749492	5.29135
750094	5.29135
750696	5.19232
751298	5.19232
751900	5.19232
752502	5.16136
753104	5.15502
753706	5.15502
754308	5.15304
754910	5.15304
755512	5.15304
756114	5.15304
756716	5.15304
757318	5.15304
757920	5.15304
758522	5.15304
759124	5.15304
759726	5.15304
760328	5.15304
760930	5.15304
761532	5.15304
762134	5.15304
762736	5.15304
763338	5.15304
763940	5.15304
764542	5.15304
765144	5.15304
765746	5.15304
766348	5.15304
766950	5.15304
767552	5.15304
768154	5.03099
768756	5.03099
769358	4.99896
769960	4.91147
770562	4.78687
771164	4.78687
771766	4.78687
772368	4.78687
772970	4.78687
773572	4.78687
774174	4.78687
774776	4.78687
775378	4.78687
775980	4.78687
776582	4.78687
777184	4.78687
777786	4.78687
778388	4.78687
778990	4.78687
779592	4.74513
780194	4.74513
780796	4.74513
781398	4.74513
782000	4.74513
782602	4.74513
783204	4.74513
783806	4.74513
784408	4.59411
785010	4.59411
785612	4.59411
786214	4.5237
786816	4.5187
787418	4.5187
788020	4.5187
788622	4.5187
789224	4.5187
789826	4.5187
790428	4.5187
791030	4.5187
791632	4.5187
792234	4.5187
792836	4.50136
793438	4.50136
794040	4.50136
794642	4.50136
795244	4.44288
795846	4.44288
796448	4.44288
797050	4.44288
797652	4.44288
798254	4.44288
798856	4.37278
799458	4.34779
800060	4.34779
800662	4.34779
801264	4.34779
801866	4.34779
802468	4.34779
803070	4.34779
803672	4.33285
804274	4.33285
804876	4.33285
805478	4.33285
806080	4.33285
806682	4.33285
807284	4.33285
807886	4.33285
808488	4.33285
809090	4.33285
809692	4.33285
810294	4.33285
810896	4.33285
811498	4.26373
812100	4.26373
812702	4.26373
813304	4.26373
813906	4.26373
814508	4.26373
815110	4.26373
815712	4.26373
816314	4.26373
816916	4.26373
817518	4.26373
818120	4.26373
818722	4.26373
819324	4.26373
819926	4.26373
820528	4.10081
821130	4.10081
821732	4.10081
822334	4.10081
822936	4.10081
823538	4.10081
824140	4.08556
824742	4.08556
825344	4.08556
825946	4.08556
826548	4.08556
827150	4.08556
827752	4.08556
828354	4.08556
828956	4.08556
829558	4.01024
830160	3.9154
830762	3.9154
831364	3.84422
831966	3.84422
832568	3.84422
833170	3.84422
833772	3.84422
834374	3.84422
834976	3.84422
835578	3.84422
836180	3.84422
836782	3.84422
837384	3.84422
837986	3.84422
838588	3.75459
839190	3.75459
839792	3.75459
840394	3.75459
840996	3.75459
841598	3.75459
842200	3.75459
842802	3.75459
843404	3.75459
844006	3.75459
844608	3.75459
845210	3.75459
845812	3.75459
846414	3.75459
847016	3.75459
847618	3.75459
848220	3.75459
848822	3.70929
849424	3.70929
850026	3.70929
850628	3.63253
851230	3.57425
851832	3.57425
852434	3.57425
853036	3.57425
853638	3.57425
854240	3.57425
854842	3.57425
855444	3.57425
856046	3.57425
856648	3.55245
857250	3.55245
857852	3.53402
858454	3.49921
859056	3.49921
859658	3.49921
860260	3.49921
860862	3.49921
861464	3.43952
862066	3.43952
862668	3.43952
863270	3.43952
863872	3.43952
864474	3.43952
865076	3.43952
865678	3.43952
866280	3.43952
866882	3.43952
867484	3.43952
868086	3.43952
868688	3.43168
869290	3.43168
869892	3.43168
870494	3.43168
871096	3.43168
871698	3.43168
872300	3.43168
872902	3.43168
873504	3.43168
874106	3.29843
874708	3.27747
875310	3.27747
875912	3.27747
876514	3.27747
877116	3.27747
877718	3.27747
878320	3.27747
878922	3.22537
879524	3.22537
880126	3.22537
880728	3.22537
881330	3.14539
881932	3.14539
882534	3.14539
883136	3.14539
883738	3.14539
884340	3.14539
884942	3.14539
885544	3.13314
886146	3.04389
886748	3.02356
887350	2.96623
887952	2.96623
888554	2.96623
889156	2.96623
889758	2.94325
890360	2.94325
890962	2.9098
891564	2.9098
892166	2.9098
892768	2.9098
893370	2.90491
893972	2.90491
894574	2.90491
895176	2.90491
895778	2.87674
896380	2.87674
896982	2.87674
897584	2.87674
898186	2.87674
898788	2.86026
899390	2.86026
899992	2.86026
900594	2.86026
901196	2.86026
901798	2.86026
902400	2.86026
903002	2.86026
903604	2.85771
904206	2.85771
904808	2.85771
905410	2.81607
906012	2.81607
906614	2.81607
907216	2.81607
907818	2.81607
908420	2.81607
909022	2.81607
909624	2.80481
910226	2.80481
910828	2.80481
911430	2.80481
912032	2.80481
912634	2.80481
913236	2.80481
913838	2.80481
914440	2.80481
915042	2.80481
915644	2.80481
916246	2.80481
916848	2.80481
917450	2.80481
918052	2.80481
918654	2.80481
919256	2.80481
919858	2.80481
920460	2.80481
921062	2.80481
921664	2.80481
922266	2.80481
922868	2.80481
923470	2.7846
924072	2.7846
924674	2.7846
925276	2.7846
925878	2.7846
926480	2.7846
927082	2.7846
927684	2.7846
928286	2.7846
928888	2.71555
929490	2.71555
930092	2.71555
930694	2.71555
931296	2.71555
931898	2.71555
932500	2.6424
933102	2.6424
933704	2.56554
934306	2.56554
934908	2.56554
935510	2.56554
936112	2.56554
936714	2.56554
937316	2.56554
937918	2.56554
938520	2.56554
939122	2.56554
939724	2.56554
940326	2.56554
940928	2.54923
941530	2.54923
942132	2.54923
942734	2.54923
943336	2.53789
943938	2.46542
944540	2.46542
945142	2.46542
945744	2.46542
946346	2.46542
946948	2.46542
947550	2.46542
948152	2.46542
948754	2.46542
949356	2.46542
949958	2.46542
950560	2.46542
951162	2.46542
951764	2.44134
952366	2.44134
952968	2.43772
953570	2.43772
954172	2.43772
954774	2.43772
955376	2.43772
955978	2.43772
956580	2.43772
957182	2.43772
957784	2.31024
958386	2.31024
958988	2.26031
959590	2.26031
960192	2.2225
960794	2.2225
961396	2.2225
961998	2.21639
962600	2.21639
963202	2.21639
963804	2.21639
964406	2.21639
965008	2.21484
965610	2.21484
966212	2.21146
966814	2.19629
967416	2.19629
968018	2.19629
968620	2.19629
969222	2.19629
969824	2.19629
970426	2.19629
971028	2.08225
971630	2.08225
972232	2.05451
972834	2.05451
973436	2.05451
974038	2.05451
974640	2.05451
975242	2.05451
975844	2.05451
976446	2.05451
977048	2.05451
977650	2.05451
978252	2.04256
978854	2.04256
979456	2.04256
980058	2.04256
980660	2.04256
981262	2.04256
981864	2.04256
982466	2.0256
983068	2.0256
983670	2.0256
984272	2.0256
984874	2.0256
985476	2.0256
986078	2.0212
986680	2.0212
987282	2.0212
987884	2.0212
988486	2.0212
989088	2.0212
989690	2.0212
990292	2.0212
990894	2.0212
991496	2.0212
992098	2.0212
992700	2.0212
993302	2.0212
993904	2.0212
994506	2.0212
995108	2.0212
995710	2.01442
996312	2.01442
996914	2.0088
997516	1.99825
998118	1.99825
998720	1.99825
999322	1.99825
999924	1.99825
1000526	1.99825
1001128	1.99825
1001730	1.99825
1002332	1.99825
1002934	1.99319
1003536	1.99319
1004138	1.99319
1004740	1.99319
1005342	1.99319
1005944	1.97068
1006546	1.97068
1007148	1.97068
1007750	1.95043
1008352	1.95043
1008954	1.95043
1009556	1.95043
1010158	1.95043
1010760	1.95043
1011362	1.95043
1011964	1.95043
1012566	1.95043
1013168	1.95043
1013770	1.95043
1014372	1.95043
1014974	1.95043
1015576	1.95043
1016178	1.95043
1016780	1.93229
1017382	1.93229
1017984	1.93229
1018586	1.93229
1019188	1.93229
1019790	1.83623
1020392	1.83623
1020994	1.83623
1021596	1.83623
1022198	1.83623
1022800	1.83623
1023402	1.83623
1024004	1.83623
1024606	1.83623
1025208	1.75504
1025810	1.75504
1026412	1.75504
1027014	1.75504
1027616	1.73301
1028218	1.73301
1028820	1.73301
1029422	1.73301
1030024	1.73301
1030626	1.73301
1031228	1.73301
1031830	1.73301
1032432	1.73301
1033034	1.73301
1033636	1.69931
1034238	1.69931
1034840	1.69931
1035442	1.69931
1036044	1.68024
1036646	1.68024
1037248	1.68024
1037850	1.67078
1038452	1.67078
1039054	1.67078
1039656	1.67078
1040258	1.67078
1040860	1.67078
1041462	1.67078
1042064	1.67014
1042666	1.67014
1043268	1.67014
1043870	1.67014
1044472	1.67014
1045074	1.67014
1045676	1.67014
1046278	1.67014
1046880	1.67014
1047482	1.67014
1048084	1.67014
1048686	1.67014
1049288	1.67014
1049890	1.67014
1050492	1.67014
1051094	1.67014
1051696	1.67014
1052298	1.67014
1052900	1.67014
1053502	1.64578
1054104	1.63889
1054706	1.63654
1055308	1.63654
1055910	1.63654
1056512	1.63654
1057114	1.62598
1057716	1.62598
1058318	1.62598
1058920	1.62598
1059522	1.62598
1060124	1.59382
1060726	1.59382
1061328	1.59382
1061930	1.58424
1062532	1.54587
1063134	1.54366
1063736	1.54366
1064338	1.54366
1064940	1.54366
1065542	1.53294
1066144	1.53294
1066746	1.53294
1067348	1.53294
1067950	1.53294
1068552	1.53294
1069154	1.53294
1069756	1.53294
1070358	1.53294
1070960	1.53294
1071562	1.53294
1072164	1.53294
1072766	1.53294
1073368	1.52408
1073970	1.52408
1074572	1.52408
1075174	1.50483
1075776	1.50483
1076378	1.50483
1076980	1.50483
1077582	1.50483
1078184	1.47792
1078786	1.45537
1079388	1.45268
1079990	1.45268
1080592	1.45268
1081194	1.45268
1081796	1.45268
1082398	1.45268
1083000	1.45268
1083602	1.43771
1084204	1.43771
1084806	1.43771
1085408	1.43771
1086010	1.43771
1086612	1.43771
1087214	1.43771
1087816	1.40533
1088418	1.40533
1089020	1.40533
1089622	1.39936
1090224	1.39094
1090826	1.39094
1091428	1.39094
1092030	1.39094
1092632	1.39094
1093234	1.39094
1093836	1.39094
1094438	1.39094
1095040	1.39094
1095642	1.3687
1096244	1.3597
1096846	1.3597
1097448	1.3597
1098050	1.3597
1098652	1.31707
1099254	1.31707
1099856	1.30948
1100458	1.30104
1101060	1.30104
1101662	1.30104
1102264	1.30104
1102866	1.30104
1103468	1.28468
1104070	1.27059
1104672	1.27059
1105274	1.27059
1105876	1.27059
1106478	1.27059
1107080	1.27059
1107682	1.27059
1108284	1.27059
1108886	1.27059
1109488	1.27059
1110090	1.23814
1110692	1.23814
1111294	1.23814
1111896	1.23814
1112498	1.23814
1113100	1.23668
1113702	1.23668
1114304	1.23668
1114906	1.23668
1115508	1.23668
1116110	1.23668
1116712	1.23668
1117314	1.23668
1117916	1.23668
1118518	1.2179
1119120	1.2179
1119722	1.2179
1120324	1.2179
1120926	1.2179
1121528	1.2179
1122130	1.2179
1122732	1.2179
1123334	1.20276
1123936	1.15825
1124538	1.15825
1125140	1.15825
1125742	1.15825
1126344	1.1421
1126946	1.1421
1127548	1.11563
1128150	1.11563
1128752	1.11563
1129354	1.11563
1129956	1.11563
1130558	1.11489
1131160	1.11489
1131762	1.11489
1132364	1.11489
1132966	1.11489
1133568	1.11489
1134170	1.11489
1134772	1.11489
1135374	1.11489
1135976	1.09511
1136578	1.09511
1137180	1.07318
1137782	1.07318
1138384	1.07318
1138986	1.07318
1139588	1.07318
1140190	1.07318
1140792	1.07318
1141394	1.06895
1141996	1.04311
1142598	1.04311
1143200	1.04159
1143802	1.04159
1144404	1.04159
1145006	1.04159
1145608	1.03437
1146210	1.03437
1146812	1.02113
1147414	1.02113
1148016	1.02113
1148618	1.02113
1149220	1.02113
1149822	1.02113
1150424	1.02113
1151026	1.02113
1151628	1.02113
1152230	1.02113
1152832	1.00573
1153434	1.00573
1154036	1.00573
1154638	1.00054
1155240	1.00054
1155842	1.00054
1156444	0.992531
1157046	0.992531
1157648	0.992531
1158250	0.992531
1158852	0.992531
1159454	0.992531
1160056	0.992531
1160658	0.992531
1161260	0.964886
1161862	0.964886
1162464	0.964886
1163066	0.964886
1163668	0.964886
1164270	0.964886
1164872	0.964886
1165474	0.951186
1166076	0.951186
1166678	0.951186
1167280	0.951186
1167882	0.951186
1168484	0.932426
1169086	0.932426
1169688	0.932426
1170290	0.932426
1170892	0.932426
1171494	0.92251
1172096	0.917069
1172698	0.917069
1173300	0.917069
1173902	0.917069
1174504	0.917069
1175106	0.917069
1175708	0.917069
1176310	0.89529
1176912	0.889194
1177514	0.889194
1178116	0.889194
1178718	0.889194
1179320	0.889194
1179922	0.889194
1180524	0.889194
1181126	0.889194
1181728	0.889194
1182330	0.889194
1182932	0.889194
1183534	0.889194
1184136	0.855812
1184738	0.849116
1185340	0.849116
1185942	0.849116
1186544	0.849116
1187146	0.849116
1187748	0.849116
1188350	0.844323
1188952	0.844323
1189554	0.844323
1190156	0.844323
1190758	0.844323
1191360	0.843829
1191962	0.843829
1192564	0.843829
1193166	0.843829
1193768	0.843829
1194370	0.826789
1194972	0.826789
1195574	0.826789
1196176	0.826789
1196778	0.826789
1197380	0.826789
1197982	0.826789
1198584	0.826789
1199186	0.826789
1199788	0.826789
1200390	0.826789
1200992	0.826789
1201594	0.826789
1202196	0.826789
1202798	0.825574
1203400	0.825574
1204002	0.792359
1204604	0.792359
1205206	0.789961
1205808	0.789961
1206410	0.789961
1207012	0.789961
1207614	0.789961
1208216	0.789961
1208818	0.789961
1209420	0.789961
1210022	0.789961
1210624	0.789961
1211226	0.789961
1211828	0.789961
1212430	0.789961
1213032	0.789961
1213634	0.789961
1214236	0.789961
1214838	0.789961
1215440	0.789961
1216042	0.789961
1216644	0.789961
1217246	0.789961
1217848	0.789961
1218450	0.787351
1219052	0.770396
1219654	0.759381
1220256	0.759381
1220858	0.759381
1221460	0.746327
1222062	0.746327
1222664	0.738205
1223266	0.738205
1223868	0.721429
1224470	0.721429
1225072	0.707322
1225674	0.707322
1226276	0.707322
1226878	0.707322
1227480	0.707322
1228082	0.707322
1228684	0.707322
1229286	0.705081
1229888	0.705081
1230490	0.705081
1231092	0.705081
1231694	0.705081
1232296	0.705081
1232898	0.705081
1233500	0.705081
1234102	0.705081
1234704	0.703339
1235306	0.703339
1235908	0.703339
1236510	0.703339
1237112	0.703339
1237714	0.703339
1238316	0.703339
1238918	0.681889
1239520	0.681889
1240122	0.681889
1240724	0.681889
1241326	0.681889
1241928	0.672442
1242530	0.672442
1243132	0.672442
1243734	0.672442
1244336	0.672442
1244938	0.672442
1245540	0.672442
1246142	0.672442
1246744	0.672442
1247346	0.672442
1247948	0.645997
1248550	0.645997
1249152	0.645997
1249754	0.645997
1250356	0.645997
1250958	0.645997
1251560	0.645997
1252162	0.645997
1252764	0.645997
1253366	0.645997
1253968	0.637909
1254570	0.637909
1255172	0.619985
1255774	0.61375
1256376	0.61375
1256978	0.61375
1257580	0.61375
1258182	0.61375
1258784	0.61375
1259386	0.61375
1259988	0.61375
1260590	0.61375
1261192	0.61375
1261794	0.61375
1262396	0.61375
1262998	0.61375
1263600	0.61375
1264202	0.61375
1264804	0.61375
1265406	0.61375
1266008	0.61375
1266610	0.603221
1267212	0.603221
1267814	0.603221
1268416	0.603221
1269018	0.603221
1269620	0.603221
1270222	0.603221
1270824	0.603221
1271426	0.603221
1272028	0.603221
1272630	0.598363
1273232	0.598363
1273834	0.598363
1274436	0.598363
1275038	0.598363
1275640	0.598363
1276242	0.598363
1276844	0.598363
1277446	0.598363
1278048	0.598363
1278650	0.598363
1279252	0.580604
1279854	0.580604
1280456	0.573023
1281058	0.573023
1281660	0.573023
1282262	0.573023
1282864	0.573023
1283466	0.573023
1284068	0.573023
1284670	0.573023
1285272	0.573023
1285874	0.573023
1286476	0.573023
1287078	0.573023
1287680	0.573023
1288282	0.573023
1288884	0.573023
1289486	0.573023
1290088	0.573023
1290690	0.573023
1291292	0.560471
1291894	0.560471
1292496	0.560471
1293098	0.555448
1293700	0.555448
1294302	0.555448
1294904	0.555448
1295506	0.555448
1296108	0.555448
1296710	0.555448
1297312	0.555448
1297914	0.555448
1298516	0.555448
1299118	0.555448
1299720	0.555448
1300322	0.555448
1300924	0.555448
1301526	0.555448
1302128	0.555448
1302730	0.555448
1303332	0.555448
1303934	0.555448
1304536	0.555448
1305138	0.555448
1305740	0.555448
1306342	0.555448
1306944	0.555448
1307546	0.555448
1308148	0.555448
1308750	0.555448
1309352	0.555448
1309954	0.553101
1310556	0.553101
1311158	0.553101
1311760	0.553101
1312362	0.553101
1312964	0.553101
1313566	0.553101
1314168	0.553101
1314770	0.553101
1315372	0.553101
1315974	0.51951
1316576	0.51951
1317178	0.51951
1317780	0.51951
1318382	0.51951
1318984	0.51951
1319586	0.51951
1320188	0.51951
1320790	0.51951
1321392	0.51951
1321994	0.51951
1322596	0.513126
1323198	0.513126
1323800	0.513126
1324402	0.513126
1325004	0.504271
1325606	0.504271
1326208	0.504271
1326810	0.504271
1327412	0.504271
1328014	0.504271
1328616	0.504271
1329218	0.504271
1329820	0.504271
1330422	0.504271
1331024	0.504271
1331626	0.504271
1332228	0.504271
1332830	0.504271
1333432	0.504271
1334034	0.504271
1334636	0.504271
1335238	0.504271
1335840	0.504271
1336442	0.502022
1337044	0.494588
1337646	0.480618
1338248	0.480618
1338850	0.480618
1339452	0.480618
1340054	0.480618
1340656	0.480618
1341258	0.480618
1341860	0.480618
1342462	0.478969
1343064	0.478969
1343666	0.478969
1344268	0.478969
1344870	0.478969
1345472	0.478969
1346074	0.478969
1346676	0.478969
1347278	0.478969
1347880	0.476151
1348482	0.476151
1349084	0.476151
1349686	0.474701
1350288	0.474701
1350890	0.474701
1351492	0.474701
1352094	0.474701
1352696	0.466824
1353298	0.466824
1353900	0.466824
1354502	0.466824
1355104	0.466824
1355706	0.466824
1356308	0.466824
1356910	0.466824
1357512	0.466824
1358114	0.463366
1358716	0.463366
1359318	0.463366
1359920	0.459687
1360522	0.459687
1361124	0.459687
1361726	0.459687
1362328	0.459687
1362930	0.459687
1363532	0.454378
1364134	0.454378
1364736	0.454378
1365338	0.454378
1365940	0.454378
1366542	0.454378
1367144	0.454378
1367746	0.454378
1368348	0.445228
1368950	0.445228
1369552	0.445228
1370154	0.445228
1370756	0.445228
1371358	0.445228
1371960	0.445228
1372562	0.445228
1373164	0.445228
1373766	0.445228
1374368	0.445228
1374970	0.445228
1375572	0.445228
1376174	0.445228
1376776	0.445228
1377378	0.445228
1377980	0.445228
1378582	0.445228
1379184	0.445228
1379786	0.445228
1380388	0.445228
1380990	0.444733
1381592	0.444733
1382194	0.444733
1382796	0.444733
1383398	0.444733
1384000	0.435578
1384602	0.435578
1385204	0.435578
1385806	0.421591
1386408	0.421591
1387010	0.421591
1387612	0.421591
1388214	0.421591
1388816	0.421591
1389418	0.418643
1390020	0.418643
1390622	0.418643
1391224	0.418643
1391826	0.417084
1392428	0.417084
1393030	0.416859
1393632	0.416859
1394234	0.416859
1394836	0.416859
1395438	0.416859
1396040	0.416859
1396642	0.416859
1397244	0.416859
1397846	0.416859
1398448	0.416859
1399050	0.416859
1399652	0.413736
1400254	0.413736
1400856	0.413736
1401458	0.413736
1402060	0.413736
1402662	0.413736
1403264	0.412995
1403866	0.412995
1404468	0.412995
1405070	0.412995
1405672	0.412995
1406274	0.412995
1406876	0.410874
1407478	0.40194
1408080	0.398724
1408682	0.39655
1409284	0.393451
1409886	0.393451
1410488	0.393451
1411090	0.393451
1411692	0.393451
1412294	0.393451
1412896	0.393451
1413498	0.393451
1414100	0.393451
1414702	0.393451
1415304	0.393451
1415906	0.393451
1416508	0.393451
1417110	0.393451
1417712	0.393451
1418314	0.393451
1418916	0.393451
1419518	0.393451
1420120	0.393451
1420722	0.393451
1421324	0.393451
1421926	0.393451
1422528	0.393451
1423130	0.393451
1423732	0.393451
1424334	0.393451
1424936	0.393451
1425538	0.393451
1426140	0.39086
1426742	0.39086
1427344	0.39086
1427946	0.39086
1428548	0.39086
1429150	0.39086
1429752	0.39086
1430354	0.389463
1430956	0.389463
1431558	0.389463
1432160	0.389463
1432762	0.389463
1433364	0.389463
1433966	0.389463
1434568	0.389463
1435170	0.389463
1435772	0.389463
1436374	0.389463
1436976	0.389463
1437578	0.389463
1438180	0.389463
1438782	0.389463
1439384	0.389463
1439986	0.389463
1440588	0.389463
1441190	0.389463
1441792	0.389463
1442394	0.389463
1442996	0.389463
1443598	0.389463
1444200	0.389463
1444802	0.389463
1445404	0.389463
1446006	0.389463
1446608	0.378627
1447210	0.366751
1447812	0.366751
1448414	0.360531
1449016	0.360531
1449618	0.355723
1450220	0.355723
1450822	0.355723
1451424	0.355723
1452026	0.355723
1452628	0.355723
1453230	0.355723
1453832	0.355723
1454434	0.355723
1455036	0.355723
1455638	0.355723
1456240	0.355723
1456842	0.355723
1457444	0.355723
1458046	0.355723
1458648	0.350935
1459250	0.350935
1459852	0.340382
1460454	0.340382
1461056	0.340382
1461658	0.337149
1462260	0.337149
1462862	0.337149
1463464	0.337149
1464066	0.337149
1464668	0.337149
1465270	0.337149
1465872	0.337149
1466474	0.337149
1467076	0.337149
1467678	0.337149
1468280	0.337149
1468882	0.337149
1469484	0.337149
1470086	0.337149
1470688	0.331145
1471290	0.331145
1471892	0.331145
1472494	0.31927
1473096	0.31927
1473698	0.31927
1474300	0.31927
1474902	0.31927
1475504	0.31927
1476106	0.31927
1476708	0.318581
1477310	0.318581
1477912	0.317882
1478514	0.317882
1479116	0.317882
1479718	0.31157
1480320	0.31157
1480922	0.31157
1481524	0.308799
1482126	0.304246
1482728	0.304246
1483330	0.304246
1483932	0.304246
1484534	0.304246
1485136	0.304246
1485738	0.304246
1486340	0.304246
1486942	0.304246
1487544	0.304246
1488146	0.304246
1488748	0.304246
1489350	0.304246
1489952	0.304246
1490554	0.300415
1491156	0.297719
1491758	0.297719
1492360	0.297324
1492962	0.297324
1493564	0.297324
1494166	0.297324
1494768	0.297324
1495370	0.297324
1495972	0.297324
1496574	0.297324
1497176	0.297324
1497778	0.297324
1498380	0.297324
1498982	0.289179
1499584	0.289179
1500186	0.289179
1500788	0.289179
1501390	0.286754
1501992	0.286754
1502594	0.284927
1503196	0.284927
1503798	0.284927
1504400	0.284927
1505002	0.284927
1505604	0.283122
1506206	0.278312
1506808	0.278312
1507410	0.277744
1508012	0.270412
1508614	0.270412
1509216	0.270412
1509818	0.265921
1510420	0.263857
1511022	0.263857
1511624	0.263857
1512226	0.263857
1512828	0.259747
1513430	0.259747
1514032	0.259747
1514634	0.259747
1515236	0.259683
1515838	0.259683
1516440	0.256096
1517042	0.256096
1517644	0.256096
1518246	0.250879
1518848	0.250879
1519450	0.245419
1520052	0.245419
1520654	0.245419
1521256	0.245419
1521858	0.245419
1522460	0.245419
1523062	0.245419
1523664	0.245419
1524266	0.245419
1524868	0.245419
1525470	0.245419
1526072	0.242465
1526674	0.242465
1527276	0.242465
1527878	0.242465
1528480	0.242465
1529082	0.239201
1529684	0.239201
1530286	0.239201
1530888	0.239201
1531490	0.239201
1532092	0.239201
1532694	0.239201
1533296	0.239201
1533898	0.239201
1534500	0.239201
1535102	0.232291
1535704	0.232291
1536306	0.229096
1536908	0.229096
1537510	0.229096
1538112	0.229096
1538714	0.229096
1539316	0.229096
1539918	0.228162
1540520	0.228162
1541122	0.228162
1541724	0.228162
1542326	0.228162
1542928	0.228162
1543530	0.228162
1544132	0.228162
1544734	0.228162
1545336	0.227389
1545938	0.226435
1546540	0.226132
1547142	0.226132
1547744	0.226132
1548346	0.220536
1548948	0.219573
1549550	0.219308
1550152	0.219308
1550754	0.219308
1551356	0.218309
1551958	0.218309
1552560	0.212121
1553162	0.212121
1553764	0.212121
1554366	0.209758
1554968	0.209758
1555570	0.209758
1556172	0.209758
1556774	0.209758
1557376	0.209758
1557978	0.209758
1558580	0.209758
1559182	0.209758
1559784	0.209758
1560386	0.209758
1560988	0.209758
1561590	0.209563
1562192	0.209563
1562794	0.209563
1563396	0.209563
1563998	0.209563
1564600	0.207928
1565202	0.207928
1565804	0.207928
1566406	0.207928
1567008	0.207928
1567610	0.207928
1568212	0.207928
1568814	0.207928
1569416	0.207928
1570018	0.207928
1570620	0.207928
1571222	0.207928
1571824	0.207928
1572426	0.207928
1573028	0.207928
1573630	0.207928
1574232	0.207928
1574834	0.207928
1575436	0.207928
1576038	0.207928
1576640	0.207928
1577242	0.207928
1577844	0.206273
1578446	0.205759
1579048	0.205759
1579650	0.205759
1580252	0.205759
1580854	0.205759
1581456	0.205759
1582058	0.20519
1582660	0.204368
1583262	0.204368
1583864	0.204368
1584466	0.204246
1585068	0.204246
1585670	0.204246
1586272	0.203947
1586874	0.203947
1587476	0.203947
1588078	0.203947
1588680	0.203947
1589282	0.203947
1589884	0.203947
1590486	0.203947
1591088	0.203947
1591690	0.203947
1592292	0.203947
1592894	0.203947
1593496	0.203947
1594098	0.203947
1594700	0.203947
1595302	0.203947
1595904	0.200147
1596506	0.200147
1597108	0.198957
1597710	0.198957
1598312	0.198957
1598914	0.198957
1599516	0.198957
1600118	0.198957
1600720	0.198957
1601322	0.195455
1601924	0.195455
1602526	0.195455
1603128	0.195455
1603730	0.195455
1604332	0.195455
1604934	0.195455
1605536	0.195455
1606138	0.195455
1606740	0.195455
1607342	0.195455
1607944	0.195455
1608546	0.195455
1609148	0.195455
1609750	0.189733
1610352	0.183407
1610954	0.183407
1611556	0.183407
1612158	0.183407
1612760	0.183407
1613362	0.183407
1613964	0.183407
1614566	0.183407
1615168	0.183407
1615770	0.183407
1616372	0.183407
1616974	0.183407
1617576	0.183407
1618178	0.183407
1618780	0.183407
1619382	0.183407
1619984	0.183407
1620586	0.183407
1621188	0.182823
1621790	0.182823
1622392	0.178539
1622994	0.178539
1623596	0.178539
1624198	0.178539
1624800	0.178539
1625402	0.178539
1626004	0.178539
1626606	0.178539
1627208	0.178539
1627810	0.178539
1628412	0.178539
1629014	0.178539
1629616	0.178539
1630218	0.178539
1630820	0.178539
1631422	0.178418
1632024	0.178418
1632626	0.178418
1633228	0.178418
1633830	0.17724
1634432	0.17724
1635034	0.17724
1635636	0.17724
1636238	0.17724
1636840	0.17724
1637442	0.17724
1638044	0.17724
1638646	0.17724
1639248	0.17724
1639850	0.17724
1640452	0.17724
1641054	0.17463
1641656	0.17463
1642258	0.17463
1642860	0.17253
1643462	0.170858
1644064	0.170858
1644666	0.170858
1645268	0.170858
1645870	0.170858
1646472	0.167962
1647074	0.165493
1647676	0.165493
1648278	0.165493
1648880	0.165493
1649482	0.165493
1650084	0.162873
1650686	0.162873
1651288	0.162873
1651890	0.162873
1652492	0.161048
1653094	0.159009
1653696	0.159009
1654298	0.159009
1654900	0.159009
1655502	0.159009
1656104	0.159009
1656706	0.159009
1657308	0.157828
1657910	0.157828
1658512	0.157828
1659114	0.157828
1659716	0.157828
1660318	0.157828
1660920	0.157828
1661522	0.157828
1662124	0.157828
1662726	0.157828
1663328	0.157828
1663930	0.155393
1664532	0.155393
1665134	0.155393
1665736	0.155393
1666338	0.155393
1666940	0.155393
1667542	0.155393
1668144	0.155393
1668746	0.155393
1669348	0.155393
1669950	0.154847
1670552	0.154847
1671154	0.154847
1671756	0.154847
1672358	0.154847
1672960	0.154847
1673562	0.154847
1674164	0.154847
1674766	0.154847
1675368	0.152427
1675970	0.152427
1676572	0.152427
1677174	0.152427
1677776	0.150922
1678378	0.150922
1678980	0.149859
1679582	0.149859
1680184	0.149859
1680786	0.149859
1681388	0.149859
1681990	0.149859
1682592	0.149859
1683194	0.149859
1683796	0.149859
1684398	0.149859
1685000	0.149859
1685602	0.149859
1686204	0.149859
1686806	0.149757
1687408	0.149757
1688010	0.149757
1688612	0.149757
1689214	0.149757
1689816	0.149633
1690418	0.149633
1691020	0.149633
1691622	0.149633
1692224	0.149633
1692826	0.149633
1693428	0.149633
1694030	0.149633
1694632	0.149633
1695234	0.149633
1695836	0.149633
1696438	0.148849
1697040	0.148849
1697642	0.148849
1698244	0.146113
1698846	0.146113
1699448	0.146113
1700050	0.142239
1700652	0.142239
1701254	0.142239
1701856	0.142239
1702458	0.142239
1703060	0.142239
1703662	0.142239
1704264	0.142239
1704866	0.142027
1705468	0.142027
1706070	0.142027
1706672	0.142027
1707274	0.142027
1707876	0.142027
1708478	0.142027
1709080	0.142027
1709682	0.142027
1710284	0.142027
1710886	0.141306
1711488	0.141306
1712090	0.141306
1712692	0.141306
1713294	0.141306
1713896	0.141306
1714498	0.141306
1715100	0.138775
1715702	0.138775
1716304	0.138775
1716906	0.138775
1717508	0.138775
1718110	0.138775
1718712	0.138775
1719314	0.138641
1719916	0.138641
1720518	0.138641
1721120	0.138641
1721722	0.138641
1722324	0.138641
1722926	0.136948
1723528	0.136948
1724130	0.136948
1724732	0.136948
1725334	0.136948
1725936	0.136948
1726538	0.136948
1727140	0.13508
1727742	0.13508
1728344	0.13508
1728946	0.13333
1729548	0.13333
1730150	0.13333
1730752	0.13333
1731354	0.13333
1731956	0.13333
1732558	0.13333
1733160	0.13333
1733762	0.13333
1734364	0.13333
1734966	0.13333
1735568	0.13333
1736170	0.13333
1736772	0.13333
1737374	0.13333
1737976	0.13333
1738578	0.13333
1739180	0.130863
1739782	0.130863
1740384	0.130863
1740986	0.130863
1741588	0.130863
1742190	0.130863
1742792	0.130863
1743394	0.130863
1743996	0.130863
1744598	0.130863
1745200	0.130863
1745802	0.130863
1746404	0.130863
1747006	0.130863
1747608	0.130863
1748210	0.130081
1748812	0.130081
1749414	0.130081
1750016	0.130081
1750618	0.129367
1751220	0.129367
1751822	0.128552
1752424	0.128427
1753026	0.128427
1753628	0.128427
1754230	0.128427
1754832	0.128379
1755434	0.128379
1756036	0.128379
1756638	0.128379
1757240	0.128379
1757842	0.126341
1758444	0.126341
1759046	0.126341
1759648	0.126341
1760250	0.125239
1760852	0.1224
1761454	0.1224
1762056	0.1224
1762658	0.1224
1763260	0.122222
1763862	0.122222
1764464	0.122222
1765066	0.119989
1765668	0.119989
1766270	0.118754
1766872	0.118754
1767474	0.118754
1768076	0.118754
1768678	0.118754
1769280	0.118754
1769882	0.118754
1770484	0.118754
1771086	0.118754
1771688	0.118754
1772290	0.118754
1772892	0.118736
1773494	0.118736
1774096	0.118736
1774698	0.118736
1775300	0.118736
1775902	0.118228
1776504	0.118228
1777106	0.118228
1777708	0.118228
1778310	0.118228
1778912	0.117971
1779514	0.117971
1780116	0.115378
1780718	0.114258
1781320	0.11393
1781922	0.11393
1782524	0.11393
1783126	0.11393
1783728	0.11393
1784330	0.11393
1784932	0.11393
1785534	0.11393
1786136	0.112346
1786738	0.112346
1787340	0.112346
1787942	0.112346
1788544	0.112346
1789146	0.110769
1789748	0.109863
1790350	0.109863
1790952	0.108329
1791554	0.108329
1792156	0.108329
1792758	0.108329
1793360	0.108329
1793962	0.108329
1794564	0.108329
1795166	0.107466
1795768	0.107466
1796370	0.107466
1796972	0.107466
1797574	0.107466
1798176	0.107466
1798778	0.107466
1799380	0.107466
1799982	0.107466
1800584	0.107466
1801186	0.107466
1801788	0.10653
1802390	0.10653
1802992	0.10653
1803594	0.10653
1804196	0.10653
1804798	0.10653
1805400	0.10653
1806002	0.10653
1806604	0.103249
1807206	0.103249
1807808	0.103249
1808410	0.100964
1809012	0.100964
1809614	0.098798
1810216	0.098798
1810818	0.098798
1811420	0.098798
1812022	0.098798
1812624	0.0975385
1813226	0.0975385
1813828	0.0975385
1814430	0.0975385
1815032	0.0975385
1815634	0.0975385
1816236	0.0975385
1816838	0.0975385
1817440	0.0975385
1818042	0.0956349
1818644	0.0956349
1819246	0.0956349
1819848	0.0956349
1820450	0.0956349
1821052	0.0956349
1821654	0.095585
1822256	0.095585
1822858	0.095585
1823460	0.0954258
1824062	0.0937806
1824664	0.0937806
1825266	0.0937806
1825868	0.0937806
1826470	0.0937806
1827072	0.0937806
1827674	0.0937806
1828276	0.0937806
1828878	0.0937806
1829480	0.0937806
1830082	0.0937806
1830684	0.0937806
1831286	0.0937806
1831888	0.0937806
1832490	0.091852
1833092	0.091852
1833694	0.091852
1834296	0.091852
1834898	0.091852
1835500	0.0907529
1836102	0.0907529
1836704	0.0907529
1837306	0.0907529
1837908	0.0901323
1838510	0.0901323
1839112	0.0901323
1839714	0.0901323
1840316	0.0901323
1840918	0.0901323
1841520	0.0901323
1842122	0.0901323
1842724	0.0894834
1843326	0.0894834
1843928	0.0894834
1844530	0.0894834
1845132	0.0894834
1845734	0.0894834
1846336	0.0894834
1846938	0.0894834
1847540	0.0894834
1848142	0.0894834
1848744	0.0894834
1849346	0.0894834
1849948	0.0894834
1850550	0.0894834
1851152	0.0894834
1851754	0.0894834
1852356	0.0894834
1852958	0.0872371
1853560	0.0872371
1854162	0.0872371
1854764	0.0859402
1855366	0.0859402
1855968	0.0859402
1856570	0.0859402
1857172	0.0845156
1857774	0.0845156
1858376	0.0845156
1858978	0.0845156
1859580	0.0835839
1860182	0.0821507
1860784	0.0821507
1861386	0.0821507
1861988	0.0821507
1862590	0.0821507
1863192	0.0821507
1863794	0.0821507
1864396	0.0821507
1864998	0.0820119
1865600	0.0820119
1866202	0.0819751
1866804	0.0819751
1867406	0.0819751
1868008	0.0799264
1868610	0.0799264
1869212	0.0799264
1869814	0.0799264
1870416	0.0799264
1871018	0.07702
1871620	0.07702
1872222	0.07702
1872824	0.07702
1873426	0.07702
1874028	0.07702
1874630	0.07702
1875232	0.07702
1875834	0.07702
1876436	0.07702
1877038	0.07702
1877640	0.07702
1878242	0.07702
1878844	0.07702
1879446	0.07702
1880048	0.07702
1880650	0.07702
1881252	0.0751018
1881854	0.0751018
1882456	0.0751018
1883058	0.0751018
1883660	0.0751018
1884262	0.0751018
1884864	0.0751018
1885466	0.0751018
1886068	0.0737248
1886670	0.073248
1887272	0.073248
1887874	0.073248
1888476	0.073248
1889078	0.073248
1889680	0.073248
1890282	0.073248
1890884	0.073248
1891486	0.073248
1892088	0.073248
1892690	0.073248
1893292	0.073248
1893894	0.0725354
1894496	0.0725354
1895098	0.0725354
1895700	0.0725354
1896302	0.0725354
1896904	0.0725354
1897506	0.0725354
1898108	0.0725354
1898710	0.0725354
1899312	0.0722556
1899914	0.0722556
1900516	0.0722556
1901118	0.0722556
1901720	0.0722556
1902322	0.0722556
1902924	0.0722556
1903526	0.0722556
1904128	0.0722556
1904730	0.0716903
1905332	0.0716903
1905934	0.0716903
1906536	0.0716903
1907138	0.0716903
1907740	0.0716903
1908342	0.0714876
1908944	0.0714876
1909546	0.0714876
1910148	0.0714876
1910750	0.0714876
1911352	0.0714876
1911954	0.0714876
1912556	0.0714876
1913158	0.0714876
1913760	0.0713074
1914362	0.0713074
1914964	0.0713074
1915566	0.0713074
1916168	0.0713074
1916770	0.0713074
1917372	0.0713074
1917974	0.0713074
1918576	0.0713074
1919178	0.0713074
1919780	0.0713074
1920382	0.0713074
1920984	0.0713074
1921586	0.0713074
1922188	0.0713074
1922790	0.0713074
1923392	0.0712701
1923994	0.0712701
1924596	0.0712701
1925198	0.0712701
1925800	0.0708855
1926402	0.0708855
1927004	0.0708855
1927606	0.0707839
1928208	0.0707839
1928810	0.0707839
1929412	0.0707839
1930014	0.0707839
1930616	0.0707839
1931218	0.0707839
1931820	0.0707839
1932422	0.0704725
1933024	0.0704725
1933626	0.0704725
1934228	0.0704725
1934830	0.0704725
1935432	0.0704725
1936034	0.0704725
1936636	0.0684461
1937238	0.0684461
1937840	0.0684461
1938442	0.06828
1939044	0.06828
1939646	0.06828
1940248	0.06828
1940850	0.06828
1941452	0.06828
1942054	0.06828
1942656	0.06828
1943258	0.06828
1943860	0.06828
1944462	0.06828
1945064	0.0674102
1945666	0.0674102
1946268	0.0674102
1946870	0.0674102
1947472	0.0672203
1948074	0.0672203
1948676	0.0672203
1949278	0.0672203
1949880	0.0672203
1950482	0.0672203
1951084	0.0672203
1951686	0.0672203
1952288	0.0668736
1952890	0.0668736
1953492	0.0668736
1954094	0.0668736
1954696	0.0668736
1955298	0.0668736
1955900	0.0659539
1956502	0.0659539
1957104	0.0659539
1957706	0.0659539
1958308	0.0659539
1958910	0.0659539
1959512	0.0659539
1960114	0.0659539
1960716	0.0659539
1961318	0.0659539
1961920	0.0656182
1962522	0.0656182
1963124	0.0656182
1963726	0.0656182
1964328	0.0656182
1964930	0.0644858
1965532	0.0644858
1966134	0.0644858
1966736	0.0644858
1967338	0.0644858
1967940	0.0644858
1968542	0.0644858
1969144	0.0644858
1969746	0.0644858
1970348	0.0644858
1970950	0.0644858
1971552	0.0632779
1972154	0.0632779
1972756	0.0632779
1973358	0.0632779
1973960	0.0632751
1974562	0.0632751
1975164	0.0632751
1975766	0.0632401
1976368	0.0632401
1976970	0.0632401
1977572	0.0632401
1978174	0.0629479
1978776	0.0629479
1979378	0.0629479
1979980	0.0629479
1980582	0.0629479
1981184	0.0624202
1981786	0.0604488
1982388	0.0602544
1982990	0.0602544
1983592	0.0602544
1984194	0.0602544
1984796	0.0602544
1985398	0.0600009
1986000	0.0600009
1986602	0.0600009
1987204	0.0600009
1987806	0.0600009
1988408	0.0596933
1989010	0.0587333
1989612	0.0581261
1990214	0.0581261
1990816	0.0581261
1991418	0.0581261
1992020	0.0576129
1992622	0.0576129
1993224	0.0576129
1993826	0.0576129
1994428	0.0567357
1995030	0.0567357
1995632	0.0567357
1996234	0.0567357
1996836	0.0567357
1997438	0.0567357
1998040	0.0567357
1998642	0.0567357
1999244	0.0567357
1999846	0.0567357
2000448	0.0567357
2001050	0.0567357
2001652	0.0567357
2002254	0.0562615
2002856	0.0562615
2003458	0.0562615
2004060	0.0562615
2004662	0.0562615
2005264	0.0562615
2005866	0.0562615
2006468	0.0562615
2007070	0.0562615
2007672	0.0546008
2008274	0.0546008
2008876	0.0546008
2009478	0.0546008
2010080	0.0546008
2010682	0.0546008
2011284	0.0546008
2011886	0.0546008
2012488	0.0546008
2013090	0.0546008
2013692	0.0546008
2014294	0.0541259
2014896	0.0537582
2015498	0.0537582
2016100	0.0537582
2016702	0.0537582
2017304	0.0537582
2017906	0.0537582
2018508	0.0537582
2019110	0.0537151
2019712	0.0537151
2020314	0.0537151
2020916	0.0534095
2021518	0.0534095
2022120	0.0534095
2022722	0.0534095
2023324	0.0534095
2023926	0.0534095
2024528	0.0534095
2025130	0.0534095
2025732	0.0534095
2026334	0.0534095
2026936	0.0534095
2027538	0.0522574
2028140	0.0522574
2028742	0.0522574
2029344	0.0522574
2029946	0.0522574
2030548	0.0522574
2031150	0.0522574
2031752	0.0522574
2032354	0.0521761
2032956	0.0521761
2033558	0.0521761
2034160	0.0521761
2034762	0.0521761
2035364	0.0521761
2035966	0.0521761
2036568	0.0521761
2037170	0.0521761
2037772	0.0521761
2038374	0.0515886
2038976	0.0515886
2039578	0.0515886
2040180	0.0506737
2040782	0.0506737
2041384	0.0506737
2041986	0.0506737
2042588	0.0506737
2043190	0.0506737
2043792	0.0506737
2044394	0.0506737
2044996	0.0506737
2045598	0.0506737
2046200	0.0506737
2046802	0.0506737
2047404	0.0506737
2048006	0.0506737
2048608	0.0506737
2049210	0.0506737
2049812	0.0505322
2050414	0.0505322
2051016	0.0501686
2051618	0.0501686
2052220	0.0501686
2052822	0.0501686
2053424	0.0501686
2054026	0.0501686
2054628	0.0501686
2055230	0.0501686
2055832	0.0501686
2056434	0.0501686
2057036	0.0501686
2057638	0.0501686
2058240	0.0501686
2058842	0.0501686
2059444	0.0501686
2060046	0.0501686
2060648	0.0492823
2061250	0.0478082
2061852	0.0474721
2062454	0.0474721
2063056	0.045539
2063658	0.045539
2064260	0.045539
2064862	0.045539
2065464	0.045539
2066066	0.045539
2066668	0.045539
2067270	0.045539
2067872	0.045539
2068474	0.045539
2069076	0.045539
2069678	0.045539
2070280	0.045539
2070882	0.045539
2071484	0.045539
2072086	0.045539
2072688	0.045539
2073290	0.0454578
2073892	0.0454578
2074494	0.0454578
2075096	0.0454578
2075698	0.0454578
2076300	0.0454578
2076902	0.0454578
2077504	0.0454578
2078106	0.0454095
2078708	0.0454095
2079310	0.0450039
2079912	0.044721
2080514	0.044721
2081116	0.044721
2081718	0.044721
2082320	0.044721
2082922	0.044721
2083524	0.0442658
2084126	0.0440987
2084728	0.0440987
2085330	0.0440987
2085932	0.0440987
2086534	0.0440987
2087136	0.0440987
2087738	0.0428929
2088340	0.0421201
2088942	0.0413581
2089544	0.0413581
2090146	0.0413581
2090748	0.0413581
2091350	0.0413581
2091952	0.0412974
2092554	0.0412974
2093156	0.0412974
2093758	0.0412974
2094360	0.0412974
2094962	0.0412974
2095564	0.0412974
2096166	0.0412974
2096768	0.0412974
2097370	0.0412974
2097972	0.0412974
2098574	0.0412974
2099176	0.0405798
2099778	0.0405798
2100380	0.0405798
2100982	0.0397638
2101584	0.0397638
2102186	0.0397638
2102788	0.0397638
2103390	0.0397638
2103992	0.0397638
2104594	0.0397638
2105196	0.0397638
2105798	0.0397638
2106400	0.0397638
2107002	0.0397638
2107604	0.0397638
2108206	0.0397638
2108808	0.0397638
2109410	0.0397638
2110012	0.0397638
2110614	0.0397638
2111216	0.0395351
2111818	0.0395351
2112420	0.0393195
2113022	0.0391629
2113624	0.0391629
2114226	0.0391629
2114828	0.0391629
2115430	0.0391629
2116032	0.0391629
2116634	0.0391629
2117236	0.0377742
2117838	0.0377742
2118440	0.0377742
2119042	0.0377742
2119644	0.0377742
2120246	0.037212
2120848	0.037212
2121450	0.037212
2122052	0.037212
2122654	0.037212
2123256	0.037212
2123858	0.037212
2124460	0.0370865
2125062	0.0370865
2125664	0.0370865
2126266	0.0370865
2126868	0.0369694
2127470	0.0369694
2128072	0.0369694
2128674	0.0369694
2129276	0.0369694
2129878	0.0369694
2130480	0.0369694
2131082	0.0369694
2131684	0.0369694
2132286	0.0369694
2132888	0.0369694
2133490	0.0369694
2134092	0.0369694
2134694	0.0369694
2135296	0.0369694
2135898	0.0369694
2136500	0.0369694
2137102	0.0369694
2137704	0.0369694
2138306	0.0369694
2138908	0.0369694
2139510	0.0369694
2140112	0.0369694
2140714	0.0369694
2141316	0.0369694
2141918	0.0369694
2142520	0.0369694
2143122	0.0369694
2143724	0.0369694
2144326	0.0369694
2144928	0.0369694
2145530	0.0369694
2146132	0.0369694
2146734	0.0369694
2147336	0.0369694
2147938	0.0369694
2148540	0.0369694
2149142	0.0369694
2149744	0.0369694
2150346	0.0369694
2150948	0.0369694
2151550	0.0369694
2152152	0.0369694
2152754	0.0369694
2153356	0.0369694
2153958	0.0369694
2154560	0.0369694
2155162	0.0369694
2155764	0.0369694
2156366	0.0369694
2156968	0.0369694
2157570	0.0369694
2158172	0.0365073
2158774	0.0365073
2159376	0.0365073
2159978	0.036184
2160580	0.036184
2161182	0.036184
2161784	0.036184
2162386	0.036184
2162988	0.036184
2163590	0.036184
2164192	0.036184
2164794	0.036184
2165396	0.0359254
2165998	0.0359254
2166600	0.0359254
2167202	0.0359254
2167804	0.0359254
2168406	0.0359254
2169008	0.0359254
2169610	0.0359254
2170212	0.0359254
2170814	0.0359254
2171416	0.0359254
2172018	0.0354946
2172620	0.0354946
2173222	0.0354946
2173824	0.0354946
2174426	0.0354946
2175028	0.0354946
2175630	0.0354946
2176232	0.0354946
2176834	0.0354946
2177436	0.0354946
2178038	0.0354946
2178640	0.0354946
2179242	0.0354946
2179844	0.0354946
2180446	0.0354946
2181048	0.0354946
2181650	0.0354946
2182252	0.0354791
2182854	0.0354791
2183456	0.0354791
2184058	0.0354791
2184660	0.0354791
2185262	0.0354791
2185864	0.0354791
2186466	0.0354791
2187068	0.0354791
2187670	0.0354791
2188272	0.0354791
2188874	0.035014
2189476	0.035014
2190078	0.035014
2190680	0.035014
2191282	0.035014
2191884	0.035014
2192486	0.035014
2193088	0.0347885
2193690	0.0347885
2194292	0.0347885
2194894	0.0347885
2195496	0.0347885
2196098	0.0347885
2196700	0.0342849
2197302	0.0342849
2197904	0.0332154
2198506	0.0332154
2199108	0.0332154
2199710	0.0332154
2200312	0.0330761
2200914	0.0330761
2201516	0.0330761
2202118	0.0330761
2202720	0.0330761
2203322	0.0328096
2203924	0.0328096
2204526	0.0328096
2205128	0.0328096
2205730	0.0328096
2206332	0.0328096
2206934	0.032107
2207536	0.032107
2208138	0.032107
2208740	0.032107
2209342	0.032107
2209944	0.032107
2210546	0.032107
2211148	0.032107
2211750	0.032107
2212352	0.032107
2212954	0.0319826
2213556	0.0319826
2214158	0.0319826
2214760	0.0319826
2215362	0.0319826
2215964	0.0316863
2216566	0.0316863
2217168	0.0316863
2217770	0.0316863
2218372	0.0316863
2218974	0.0316863
2219576	0.0316863
2220178	0.031284
2220780	0.031284
2221382	0.031284
2221984	0.031284
2222586	0.031284
2223188	0.0312326
2223790	0.0312326
2224392	0.0312326
2224994	0.0310448
2225596	0.0310448
2226198	0.0310448
2226800	0.0305769
2227402	0.0305769
2228004	0.0305769
2228606	0.0305769
2229208	0.0305769
2229810	0.0305769
2230412	0.0305769
2231014	0.0300488
2231616	0.0300488
2232218	0.0300488
2232820	0.0300488
2233422	0.0300488
2234024	0.0300488
2234626	0.0300488
2235228	0.0300488
2235830	0.0300488
2236432	0.0300488
2237034	0.0300488
2237636	0.0300488
2238238	0.0300488
2238840	0.0300488
2239442	0.0300488
2240044	0.0300488
2240646	0.0300488
2241248	0.0300488
2241850	0.0300488
2242452	0.0300488
2243054	0.0300488
2243656	0.0300488
2244258	0.0300488
2244860	0.0299589
2245462	0.0299589
2246064	0.0299589
2246666	0.0299589
2247268	0.0295574
2247870	0.0295574
2248472	0.0293261
2249074	0.0293261
2249676	0.0293261
2250278	0.0293261
2250880	0.0282979
2251482	0.0282979
2252084	0.0282979
2252686	0.0282979
2253288	0.0282979
2253890	0.0282979
2254492	0.0282979
2255094	0.0282979
2255696	0.0282979
2256298	0.0282979
2256900	0.0282979
2257502	0.0282979
2258104	0.0282979
2258706	0.0282979
2259308	0.0282979
2259910	0.0282979
2260512	0.0276896
2261114	0.0276896
2261716	0.0276896
2262318	0.0276896
2262920	0.0276896
2263522	0.0276896
2264124	0.0275123
2264726	0.0275123
2265328	0.0275123
2265930	0.0275123
2266532	0.0275123
2267134	0.0275123
2267736	0.0275123
2268338	0.0275123
2268940	0.027254
2269542	0.027254
2270144	0.027254
2270746	0.027254
2271348	0.027254
2271950	0.027254
2272552	0.027254
2273154	0.027254
2273756	0.027254
2274358	0.0268445
2274960	0.0268445
2275562	0.0261852
2276164	0.0261852
2276766	0.0261852
2277368	0.0261852
2277970	0.0258205
2278572	0.0258205
2279174	0.0258205
2279776	0.0258205
2280378	0.0258205
2280980	0.0258161
2281582	0.0255365
2282184	0.0255365
2282786	0.0255365
2283388	0.0255365
2283990	0.0255365
2284592	0.0255365
2285194	0.0255365
2285796	0.0255365
2286398	0.0255365
2287000	0.0255365
2287602	0.0251908
2288204	0.0251908
2288806	0.0251908
2289408	0.0251908
2290010	0.0251908
2290612	0.0251908
2291214	0.0251908
2291816	0.0251908
2292418	0.0251908
2293020	0.0251908
2293622	0.0251908
2294224	0.0251908
2294826	0.0251908
2295428	0.0251712
2296030	0.0251712
2296632	0.0251712
2297234	0.0251712
2297836	0.0251712
2298438	0.0251712
2299040	0.0251712
2299642	0.0251712
2300244	0.0251712
2300846	0.0251712
2301448	0.0251653
2302050	0.0251653
2302652	0.0251653
2303254	0.0251653
2303856	0.0251566
2304458	0.0251566
2305060	0.0251566
2305662	0.0251566
2306264	0.0251566
2306866	0.0248917
2307468	0.0248917
2308070	0.0248917
2308672	0.0248917
2309274	0.0248014
2309876	0.0248014
2310478	0.0248014
2311080	0.0248014
2311682	0.0248014
2312284	0.0244983
2312886	0.0244983
2313488	0.0244983
2314090	0.0243976
2314692	0.0243976
2315294	0.0243976
2315896	0.0243976
2316498	0.0243096
2317100	0.0243096
2317702	0.0243096
2318304	0.0243096
2318906	0.0243096
2319508	0.0243096
2320110	0.0243096
2320712	0.0243096
2321314	0.0243096
2321916	0.0243096
2322518	0.0243096
2323120	0.0240418
2323722	0.0237629
2324324	0.0237629
2324926	0.0237629
2325528	0.0237629
2326130	0.0237629
2326732	0.0237629
2327334	0.0237629
2327936	0.0237629
2328538	0.0237629
2329140	0.0237629
2329742	0.0237629
2330344	0.0237629
2330946	0.0237629
2331548	0.0233837
2332150	0.0233837
2332752	0.0233837
2333354	0.0233837
2333956	0.0231422
2334558	0.0231422
2335160	0.0231422
2335762	0.0227071
2336364	0.0227071
2336966	0.0227071
2337568	0.0227071
2338170	0.0227071
2338772	0.0227071
2339374	0.0222874
2339976	0.0222874
2340578	0.0222874
2341180	0.0222874
2341782	0.0222874
2342384	0.0222874
2342986	0.0222874
2343588	0.0222874
2344190	0.0222874
2344792	0.0222874
2345394	0.0222874
2345996	0.0222874
2346598	0.0222874
2347200	0.0219247
2347802	0.0219247
2348404	0.0219247
2349006	0.0218126
2349608	0.0218126
2350210	0.0218126
2350812	0.0218126
2351414	0.0218126
2352016	0.0218126
2352618	0.0218126
2353220	0.0218126
2353822	0.0218126
2354424	0.0218126
2355026	0.0218126
2355628	0.0218126
2356230	0.0218126
2356832	0.0218126
2357434	0.0218126
2358036	0.0218126
2358638	0.0213223
2359240	0.0213223
2359842	0.0213223
2360444	0.0213223
2361046	0.0213223
2361648	0.0213223
2362250	0.0213223
2362852	0.0213223
2363454	0.0213223
2364056	0.0213223
2364658	0.0213223
2365260	0.0213223
2365862	0.0213223
2366464	0.0213223
2367066	0.0212329
2367668	0.0212329
2368270	0.0212329
2368872	0.0212329
2369474	0.0210556
2370076	0.0210556
2370678	0.0210556
2371280	0.0209866
2371882	0.0209866
2372484	0.0209866
2373086	0.0209866
2373688	0.0209866
2374290	0.0209866
2374892	0.0209866
2375494	0.0209866
2376096	0.0209866
2376698	0.0209866
2377300	0.0209866
2377902	0.0209866
2378504	0.0209866
2379106	0.0209577
2379708	0.0209577
2380310	0.0209577
2380912	0.0209372
2381514	0.0209372
2382116	0.0209372
2382718	0.0209372
2383320	0.0209372
2383922	0.0206689
2384524	0.0206689
2385126	0.0206689
2385728	0.0206689
2386330	0.0206689
2386932	0.0206689
2387534	0.0206689
2388136	0.0206689
2388738	0.0206689
2389340	0.0206689
2389942	0.0206473
2390544	0.0206473
2391146	0.0206473
2391748	0.0206473
2392350	0.0206473
2392952	0.0206473
2393554	0.0206473
2394156	0.0206473
2394758	0.0206473
2395360	0.020047
2395962	0.0195416
2396564	0.0195416
2397166	0.0195416
2397768	0.0195416
2398370	0.0195416
2398972	0.0195416
2399574	0.0195416
2400176	0.0195416
2400778	0.0195416
2401380	0.0195416
2401982	0.0195416
2402584	0.0194793
2403186	0.0194793
2403788	0.0194793
2404390	0.0194793
2404992	0.0194793
2405594	0.0194029
2406196	0.0194029
2406798	0.0194029
2407400	0.0194029
2408002	0.0194029
2408604	0.0194029
2409206	0.0194029
2409808	0.0194029
2410410	0.0194029
2411012	0.0194029
2411614	0.0194029
2412216	0.0194029
2412818	0.0194029
2413420	0.0191161
2414022	0.0191161
2414624	0.0188401
2415226	0.0188401
2415828	0.0188401
2416430	0.0188401
2417032	0.0188401
2417634	0.0188401
2418236	0.0188401
2418838	0.0188401
2419440	0.0188401
2420042	0.0188401
2420644	0.0188401
2421246	0.0188401
2421848	0.0188401
2422450	0.0188401
2423052	0.0188401
2423654	0.0185881
2424256	0.0185881
2424858	0.0185881
2425460	0.0185881
2426062	0.0185881
2426664	0.0185881
2427266	0.0185881
2427868	0.0185881
2428470	0.0185881
2429072	0.0185881
2429674	0.0185881
2430276	0.0185881
2430878	0.0185881
2431480	0.0185881
2432082	0.0185881
2432684	0.0185881
2433286	0.0185881
2433888	0.0185881
2434490	0.0185881
2435092	0.0185881
2435694	0.0185881
2436296	0.0185881
2436898	0.0185881
2437500	0.0185881
2438102	0.0185881
2438704	0.0185881
2439306	0.0185881
2439908	0.0185881
2440510	0.0185881
2441112	0.0185881
2441714	0.0185881
2442316	0.0185881
2442918	0.0185881
2443520	0.0185881
2444122	0.0185881
2444724	0.0185881
2445326	0.0181502
2445928	0.0181502
2446530	0.0181502
2447132	0.0181502
2447734	0.0181502
2448336	0.0181502
2448938	0.0181502
2449540	0.0181502
2450142	0.0181502
2450744	0.0180716
2451346	0.0180716
2451948	0.0180716
2452550	0.0180716
2453152	0.0180716
2453754	0.0180716
2454356	0.0180716
2454958	0.0180716
2455560	0.0180716
2456162	0.0180716
2456764	0.0180716
2457366	0.0180716
2457968	0.0180716
2458570	0.0180716
2459172	0.0180716
2459774	0.0180716
2460376	0.0180716
2460978	0.0180716
2461580	0.0180716
2462182	0.0180716
2462784	0.0180716
2463386	0.0180716
2463988	0.0180716
2464590	0.0180716
2465192	0.0180716
2465794	0.0180716
2466396	0.0180716
2466998	0.0180716
2467600	0.0180716
2468202	0.0180716
2468804	0.0180716
2469406	0.0180716
2470008	0.0180716
2470610	0.0180716
2471212	0.0180716
2471814	0.0180716
2472416	0.0180716
2473018	0.0180716
2473620	0.0180716
2474222	0.0180716
2474824	0.0180716
2475426	0.0180716
2476028	0.0178716
2476630	0.0178716
2477232	0.0177743
2477834	0.0177743
2478436	0.0177743
2479038	0.0177743
2479640	0.0177743
2480242	0.0177743
2480844	0.0177743
2481446	0.0177743
2482048	0.0177743
2482650	0.0177743
2483252	0.0177743
2483854	0.0177743
2484456	0.0177743
2485058	0.0177743
2485660	0.0177743
2486262	0.0177743
2486864	0.0177743
2487466	0.0177743
2488068	0.0177743
2488670	0.0177743
2489272	0.0177743
2489874	0.0177743
2490476	0.0177743
2491078	0.0177743
2491680	0.0177743
2492282	0.0177743
2492884	0.0177743
2493486	0.0177743
2494088	0.0177743
2494690	0.0177743
2495292	0.0173473
2495894	0.0173473
2496496	0.0173473
2497098	0.0173473
2497700	0.0173473
2498302	0.0173473
2498904	0.0173473
2499506	0.0173473
2500108	0.0173473
2500710	0.0173133
2501312	0.0173133
2501914	0.0173133
2502516	0.0173133
2503118	0.0173133
2503720	0.0173133
2504322	0.0173133
2504924	0.0173133
2505526	0.0173133
2506128	0.0173133
2506730	0.0173133
2507332	0.0173133
2507934	0.0173133
2508536	0.0173133
2509138	0.0173133
2509740	0.0173133
2510342	0.0173133
2510944	0.0173133
2511546	0.0173133
2512148	0.0173133
2512750	0.0167955
2513352	0.0167955
2513954	0.0167955
2514556	0.0167032
2515158	0.0167032
2515760	0.0162623
2516362	0.0162623
2516964	0.0162623
2517566	0.0162623
2518168	0.0162623
2518770	0.0162623
2519372	0.0162623
2519974	0.0162623
2520576	0.0162623
2521178	0.0162623
2521780	0.0162504
2522382	0.0162504
2522984	0.0162504
2523586	0.0162504
2524188	0.0162504
2524790	0.0162504
2525392	0.0162504
2525994	0.0162504
2526596	0.0162504
2527198	0.0162504
2527800	0.0162504
2528402	0.0162504
2529004	0.0162504
2529606	0.0162504
2530208	0.0162504
2530810	0.0162504
2531412	0.0162504
2532014	0.0162504
2532616	0.0162504
2533218	0.0162504
2533820	0.0162504
2534422	0.0162504
2535024	0.0162504
2535626	0.0162504
2536228	0.0162504
2536830	0.0162504
2537432	0.0162504
2538034	0.0161989
2538636	0.0161989
2539238	0.0161989
2539840	0.015992
2540442	0.015992
2541044	0.015992
2541646	0.015992
2542248	0.015992
2542850	0.015992
2543452	0.015992
2544054	0.015992
2544656	0.015992
2545258	0.015992
2545860	0.015992
2546462	0.0157536
2547064	0.0157536
2547666	0.0157536
2548268	0.0157536
2548870	0.0157536
2549472	0.0157536
2550074	0.0157536
2550676	0.0157536
2551278	0.0157536
2551880	0.0157536
2552482	0.0157536
2553084	0.0157536
2553686	0.0157536
2554288	0.0157536
2554890	0.0157536
2555492	0.0157536
2556094	0.0157536
2556696	0.0157536
2557298	0.0157536
2557900	0.0157536
2558502	0.0157536
2559104	0.0157536
2559706	0.0157054
2560308	0.0157054
2560910	0.0157054
2561512	0.0157054
2562114	0.0157054
2562716	0.0157054
2563318	0.0157054
2563920	0.0157054
2564522	0.0157054
2565124	0.0156899
2565726	0.0156899
2566328	0.0156899
2566930	0.0156899
2567532	0.0156899
2568134	0.0156899
2568736	0.0156899
2569338	0.0156899
2569940	0.0156899
2570542	0.0156899
2571144	0.0156899
2571746	0.0156899
2572348	0.0156899
2572950	0.0156899
2573552	0.0155747
2574154	0.0155747
2574756	0.0155747
2575358	0.0155747
2575960	0.0155747
2576562	0.0155747
2577164	0.0155747
2577766	0.0155747
2578368	0.0155747
2578970	0.0155747
2579572	0.015424
2580174	0.015424
2580776	0.015232
2581378	0.015232
2581980	0.015232
2582582	0.015232
2583184	0.015232
2583786	0.015232
2584388	0.015232
2584990	0.015232
2585592	0.015232
2586194	0.015232
2586796	0.015232
2587398	0.015232
2588000	0.015232
2588602	0.015232
2589204	0.015232
2589806	0.015232
2590408	0.015232
2591010	0.015232
2591612	0.015232
2592214	0.015232
2592816	0.015232
2593418	0.015232
2594020	0.015232
2594622	0.015232
2595224	0.015232
2595826	0.0150205
2596428	0.0150205
2597030	0.0150205
2597632	0.0150205
2598234	0.0150205
2598836	0.0150205
2599438	0.0150205
2600040	0.0150205
2600642	0.0150205
2601244	0.0150205
2601846	0.0150205
2602448	0.0150205
2603050	0.0150205
2603652	0.0148576
2604254	0.0148576
2604856	0.0148576
2605458	0.0148504
2606060	0.0148504
2606662	0.0148504
2607264	0.0148504
2607866	0.0148504
2608468	0.0148504
2609070	0.0148504
2609672	0.0147698
2610274	0.0147698
2610876	0.0147698
2611478	0.0147698
2612080	0.0147698
2612682	0.0147698
2613284	0.0147698
2613886	0.0147698
2614488	0.0147698
2615090	0.0147698
2615692	0.0147698
2616294	0.0147698
2616896	0.0147698
2617498	0.0147698
2618100	0.0147698
2618702	0.0147698
2619304	0.0147698
2619906	0.0147698
2620508	0.0147698
2621110	0.0147698
2621712	0.0147605
2622314	0.0147605
2622916	0.0147605
2623518	0.0147605
2624120	0.0147605
2624722	0.0147605
2625324	0.0147605
2625926	0.0147605
2626528	0.0147605
2627130	0.0147605
2627732	0.0147605
2628334	0.0147605
2628936	0.0147605
2629538	0.0147605
2630140	0.0147605
2630742	0.0147605
2631344	0.0147605
2631946	0.0147605
2632548	0.0147605
2633150	0.0147605
2633752	0.0147605
2634354	0.0147605
2634956	0.0147605
2635558	0.0147605
2636160	0.0147605
2636762	0.0147605
2637364	0.0147605
2637966	0.0147605
2638568	0.0147605
2639170	0.0147605
2639772	0.0146409
2640374	0.0146409
2640976	0.014379
2641578	0.014379
2642180	0.0143211
2642782	0.0143211
2643384	0.0143211
2643986	0.0143211
2644588	0.0143211
2645190	0.0143211
2645792	0.0143211
2646394	0.0143211
2646996	0.0143211
2647598	0.0143211
2648200	0.0143211
2648802	0.0143211
2649404	0.0143211
2650006	0.0143211
2650608	0.0138558
2651210	0.0138558
2651812	0.0138558
2652414	0.0138558
2653016	0.0138558
2653618	0.0138558
2654220	0.0138558
2654822	0.0138558
2655424	0.0138558
2656026	0.0138558
2656628	0.0138558
2657230	0.0138558
2657832	0.0138558
2658434	0.0138558
2659036	0.0138558
2659638	0.0138558
2660240	0.0138558
2660842	0.0138558
2661444	0.0138558
2662046	0.0138558
2662648	0.0138558
2663250	0.0138558
2663852	0.0138558
2664454	0.0138558
2665056	0.0138558
2665658	0.0138558
2666260	0.0138558
2666862	0.0138558
2667464	0.0138558
2668066	0.0138558
2668668	0.0138558
2669270	0.0138558
2669872	0.0138558
2670474	0.0138558
2671076	0.0138558
2671678	0.0138558
2672280	0.0138558
2672882	0.0138558
2673484	0.0138558
2674086	0.0138558
2674688	0.0138558
2675290	0.0138558
2675892	0.0137648
2676494	0.0137648
2677096	0.0137648
2677698	0.0137648
2678300	0.0137648
2678902	0.0137648
2679504	0.0137648
2680106	0.0137648
2680708	0.0137648
2681310	0.0137648
2681912	0.0137648
2682514	0.0137648
2683116	0.0137648
2683718	0.0137648
2684320	0.0137648
2684922	0.0137648
2685524	0.0137648
2686126	0.0137648
2686728	0.0137648
2687330	0.0137648
2687932	0.0137336
2688534	0.0137336
2689136	0.0137336
2689738	0.0137336
2690340	0.0137336
2690942	0.0137336
2691544	0.0137336
2692146	0.0137336
2692748	0.0137336
2693350	0.0137336
2693952	0.0137336
2694554	0.0137336
2695156	0.0133654
2695758	0.0133654
2696360	0.0133654
2696962	0.0133654
2697564	0.0133654
2698166	0.0133654
2698768	0.0133654
2699370	0.0133654
2699972	0.0133654
2700574	0.0133654
2701176	0.0133654
2701778	0.0133654
2702380	0.0133654
2702982	0.0133654
2703584	0.0133654
2704186	0.0133654
2704788	0.0133654
2705390	0.0133654
2705992	0.0133654
2706594	0.0133654
2707196	0.0133654
2707798	0.0133654
2708400	0.0133654
2709002	0.0133654
2709604	0.0133654
2710206	0.0133654
2710808	0.0133654
2711410	0.0133654
2712012	0.0133654
2712614	0.0133654
2713216	0.0133654
2713818	0.0133654
2714420	0.0133654
2715022	0.0133654
2715624	0.0133654
2716226	0.0133654
2716828	0.0133654
2717430	0.0133654
2718032	0.0133654
2718634	0.0133654
2719236	0.0133654
2719838	0.0133654
2720440	0.0133654
2721042	0.0133654
2721644	0.0133654
2722246	0.0133654
2722848	0.0133654
2723450	0.0133654
2724052	0.0133654
2724654	0.0133654
2725256	0.0133654
2725858	0.0133654
2726460	0.0133654
2727062	0.0133654
2727664	0.0133654
2728266	0.0133654
2728868	0.0133654
2729470	0.0133654
2730072	0.0133654
2730674	0.0133654
2731276	0.0133654
2731878	0.0133654
2732480	0.0133654
2733082	0.0133654
2733684	0.0133654
2734286	0.0133654
2734888	0.0133654
2735490	0.0133654
2736092	0.0133654
2736694	0.0133654
2737296	0.0133654
2737898	0.0133654
2738500	0.0133654
2739102	0.0133654
2739704	0.0133654
2740306	0.0133654
2740908	0.0133654
2741510	0.0133654
2742112	0.0133654
2742714	0.0133654
2743316	0.0133654
2743918	0.0133654
2744520	0.0133654
2745122	0.0133654
2745724	0.0133654
2746326	0.0133654
2746928	0.0133654
2747530	0.0133654
2748132	0.0133654
2748734	0.0133654
2749336	0.0133654
2749938	0.0133654
2750540	0.0133654
2751142	0.0133654
2751744	0.0133654
2752346	0.0133654
2752948	0.0133654
2753550	0.0133654
2754152	0.0133654
2754754	0.0133654
2755356	0.0133654
2755958	0.0133654
2756560	0.0133587
2757162	0.0133587
2757764	0.0133587
2758366	0.0133587
2758968	0.0133587
2759570	0.0133587
2760172	0.0133587
2760774	0.0133587
2761376	0.0133587
2761978	0.0133587
2762580	0.0133587
2763182	0.0133587
2763784	0.0131686
2764386	0.0131686
2764988	0.0131686
2765590	0.0131686
2766192	0.0131686
2766794	0.0131686
2767396	0.0131686
2767998	0.0131686
2768600	0.0131686
2769202	0.0130488
2769804	0.0130488
2770406	0.0130488
2771008	0.0130488
2771610	0.0130488
2772212	0.0130488
2772814	0.0130488
2773416	0.0130488
2774018	0.0130488
2774620	0.0130488
2775222	0.0130488
2775824	0.0130488
2776426	0.012892
2777028	0.012892
2777630	0.012892
2778232	0.012892
2778834	0.012892
2779436	0.012892
2780038	0.012892
2780640	0.012892
2781242	0.012892
2781844	0.012892
2782446	0.012892
2783048	0.012892
2783650	0.012892
2784252	0.012892
2784854	0.012892
2785456	0.012892
2786058	0.012892
2786660	0.012892
2787262	0.012892
2787864	0.012892
2788466	0.012892
2789068	0.012892
2789670	0.012892
2790272	0.012892
2790874	0.012892
2791476	0.012892
2792078	0.012892
2792680	0.012892
2793282	0.012892
2793884	0.012892
2794486	0.012892
2795088	0.012892
2795690	0.0128794
2796292	0.0128794
2796894	0.0128794
2797496	0.0128794
2798098	0.0128794
2798700	0.0128052
2799302	0.0128052
2799904	0.0128052
2800506	0.0128052
2801108	0.0128052
2801710	0.0128052
2802312	0.0128052
2802914	0.0127669
2803516	0.0127669
2804118	0.0127669
2804720	0.0127669
2805322	0.0127669
2805924	0.0127669
2806526	0.0127669
2807128	0.0127669
2807730	0.0127669
2808332	0.0127669
2808934	0.0127669
2809536	0.0127669
2810138	0.0127669
2810740	0.0127669
2811342	0.0127669
2811944	0.0127669
2812546	0.0127669
2813148	0.0127669
2813750	0.0127669
2814352	0.0127669
2814954	0.0127669
2815556	0.0127669
2816158	0.0126668
2816760	0.0126668
2817362	0.0126668
2817964	0.0124487
2818566	0.0124487
2819168	0.0124487
2819770	0.0124487
2820372	0.0124487
2820974	0.0124487
2821576	0.0124487
2822178	0.0124487
2822780	0.0124487
2823382	0.0124487
2823984	0.0124487
2824586	0.0124487
2825188	0.0124487
2825790	0.0124487
2826392	0.0124487
2826994	0.0124487
2827596	0.0124487
2828198	0.0124487
2828800	0.0124487
2829402	0.0124487
2830004	0.0124229
2830606	0.0124229
2831208	0.0124229
2831810	0.0124229
2832412	0.0124229
2833014	0.0124229
2833616	0.0124229
2834218	0.0124229
2834820	0.0124229
2835422	0.0124229
2836024	0.0124229
2836626	0.0124229
2837228	0.0124229
2837830	0.0124229
2838432	0.0124229
2839034	0.0124229
2839636	0.0124229
2840238	0.0124229
2840840	0.0124229
2841442	0.0124229
2842044	0.0124229
2842646	0.0124229
2843248	0.0124229
2843850	0.0124229
2844452	0.0124229
2845054	0.0124229
2845656	0.0124229
2846258	0.0124229
2846860	0.0124229
2847462	0.0124229
2848064	0.0124229
2848666	0.0124229
2849268	0.0124229
2849870	0.0124229
2850472	0.0124229
2851074	0.0124229
2851676	0.0124229
2852278	0.0124229
2852880	0.0124229
2853482	0.0124229
2854084	0.0124229
2854686	0.0124229
2855288	0.0124229
2855890	0.0124229
2856492	0.0124229
2857094	0.0124229
2857696	0.0124229
2858298	0.0124229
2858900	0.0124229
2859502	0.0124229
2860104	0.0124229
2860706	0.0124229
2861308	0.0124229
2861910	0.0122921
2862512	0.0122921
2863114	0.0122921
2863716	0.0122921
2864318	0.0122921
2864920	0.0122921
2865522	0.0122921
2866124	0.0122921
2866726	0.0122921
2867328	0.0122921
2867930	0.0122921
2868532	0.0122921
2869134	0.0122921
2869736	0.0122921
2870338	0.0122921
2870940	0.0121899
2871542	0.0121899
2872144	0.0121899
2872746	0.0121899
2873348	0.0121899
2873950	0.0121899
2874552	0.0121899
2875154	0.0121899
2875756	0.0121899
2876358	0.0121899
2876960	0.0121899
2877562	0.0121899
2878164	0.0121899
2878766	0.0121899
2879368	0.0121899
2879970	0.0121899
2880572	0.012064
2881174	0.012064
2881776	0.012064
2882378	0.012064
2882980	0.012064
2883582	0.0120021
2884184	0.0120021
2884786	0.0120021
2885388	0.0120021
2885990	0.0120021
2886592	0.0120021
2887194	0.0120021
2887796	0.0120021
2888398	0.0120021
2889000	0.0120021
2889602	0.0120021
2890204	0.0120021
2890806	0.0120021
2891408	0.0120021
2892010	0.0120021
2892612	0.0120021
2893214	0.0120021
2893816	0.0120021
2894418	0.0120021
2895020	0.0120021
2895622	0.0120021
2896224	0.0120021
2896826	0.0120021
2897428	0.0120021
2898030	0.0120021
2898632	0.0120021
2899234	0.0120021
2899836	0.0120021
2900438	0.0120021
2901040	0.0120021
2901642	0.0120021
2902244	0.0120021
2902846	0.0120021
2903448	0.0120021
2904050	0.0120021
2904652	0.0120021
2905254	0.0120021
2905856	0.0120021
2906458	0.0120021
2907060	0.0120021
2907662	0.0120021
2908264	0.0120021
2908866	0.0120021
2909468	0.0120021
2910070	0.0120021
2910672	0.0120021
2911274	0.0120021
2911876	0.0120021
2912478	0.0120021
2913080	0.0120021
2913682	0.0120021
2914284	0.0120021
2914886	0.0120021
2915488	0.0120021
2916090	0.0120021
2916692	0.0120021
2917294	0.0120021
2917896	0.0120021
2918498	0.0120021
2919100	0.0120021
2919702	0.0120021
2920304	0.0120021
2920906	0.0120021
2921508	0.0120021
2922110	0.0120021
2922712	0.0120021
2923314	0.0120021
2923916	0.0120021
2924518	0.0120021
2925120	0.0120021
2925722	0.0120021
2926324	0.0120021
2926926	0.0120021
2927528	0.0120021
2928130	0.0120021
2928732	0.0120021
2929334	0.0120021
2929936	0.0120021
2930538	0.0120021
2931140	0.0120021
2931742	0.0120021
2932344	0.0120021
2932946	0.0120021
2933548	0.0119575
2934150	0.0119575
2934752	0.0119575
2935354	0.0119575
2935956	0.0119575
2936558	0.0119575
2937160	0.0119575
2937762	0.0119575
2938364	0.0119575
2938966	0.0119575
2939568	0.0119575
2940170	0.0119575
2940772	0.0119575
2941374	0.0119575
2941976	0.0119575
2942578	0.0119575
2943180	0.0119575
2943782	0.0119575
2944384	0.0119575
2944986	0.0119575
2945588	0.0119575
2946190	0.0119575
2946792	0.0119575
2947394	0.0119575
2947996	0.0119575
2948598	0.0119575
2949200	0.0119575
2949802	0.0119575
2950404	0.0119575
2951006	0.0119575
2951608	0.0119575
2952210	0.0119575
2952812	0.0119575
2953414	0.0119575
2954016	0.0119575
2954618	0.0119575
2955220	0.0119575
2955822	0.0119575
2956424	0.0119575
2957026	0.0119575
2957628	0.0119575
2958230	0.0119575
2958832	0.0119575
2959434	0.0119575
2960036	0.0119575
2960638	0.0119575
2961240	0.0119575
2961842	0.0119575
2962444	0.0117622
2963046	0.0115628
2963648	0.0115628
2964250	0.0115628
2964852	0.0115628
2965454	0.0115628
2966056	0.0115628
2966658	0.0115628
2967260	0.0115628
2967862	0.0115628
2968464	0.0115628
2969066	0.0115628
2969668	0.0115628
2970270	0.0115628
2970872	0.0115628
2971474	0.0115628
2972076	0.0115628
2972678	0.0115628
2973280	0.0115628
2973882	0.0115628
2974484	0.0115628
2975086	0.0115628
2975688	0.0115628
2976290	0.0115628
2976892	0.0115628
2977494	0.0115628
2978096	0.0115628
2978698	0.0115628
2979300	0.0115628
2979902	0.0115628
2980504	0.0115628
2981106	0.0112664
2981708	0.0112664
2982310	0.0112664
2982912	0.0112664
2983514	0.0112664
2984116	0.0112664
2984718	0.0112664
2985320	0.0112664
2985922	0.0112664
2986524	0.0112664
2987126	0.0112664
2987728	0.0112664
2988330	0.0112664
2988932	0.0112664
2989534	0.0112664
2990136	0.0112563
2990738	0.0112563
2991340	0.0112563
2991942	0.0112563
2992544	0.0112563
2993146	0.0112563
2993748	0.0112563
2994350	0.0112563
2994952	0.0112563
2995554	0.0112344
2996156	0.0112344
2996758	0.0112344
2997360	0.0112344
2997962	0.0112344
2998564	0.0112344
2999166	0.0112344
2999768	0.0112344
3000370	0.0112344
3000972	0.0112344
3001574	0.0112344
3002176	0.0112344
3002778	0.0112344
3003380	0.0112344
3003982	0.0112344
3004584	0.0112344
3005186	0.0112344
3005788	0.0112344
3006390	0.0112344
3006992	0.0112344
3007594	0.0112344
3008196	0.0112344
3008798	0.0112344
3009400	0.0112344
3010002	0.0112344
3010604	0.0112344
3011206	0.0112344
3011808	0.0112344
3012410	0.0112344
3013012	0.0112344
3013614	0.0112344
3014216	0.0112344
3014818	0.0112344
3015420	0.0112344
3016022	0.0112344
3016624	0.0112344
3017226	0.0112344
3017828	0.0112344
3018430	0.0112344
3019032	0.0112344
3019634	0.0112344
3020236	0.0112344
3020838	0.0112344
3021440	0.0112344
3022042	0.0112344
3022644	0.0112344
3023246	0.0112344
3023848	0.0112344
3024450	0.0112344
3025052	0.0112344
3025654	0.0112344
3026256	0.0112344
3026858	0.0112344
3027460	0.0112344
3028062	0.0112344
3028664	0.0112344
3029266	0.0112344
3029868	0.0112344
3030470	0.0112344
3031072	0.0112344
3031674	0.0112344
3032276	0.0112344
3032878	0.0112344
3033480	0.0112344
3034082	0.0112344
3034684	0.0112344
3035286	0.0112344
3035888	0.0112344
3036490	0.0112344
3037092	0.0112344
3037694	0.0112344
3038296	0.0112344
3038898	0.0112344
3039500	0.0112344
3040102	0.0112344
3040704	0.0112344
3041306	0.0112344
3041908	0.0112344
3042510	0.0109339
3043112	0.0109339
3043714	0.0109339
3044316	0.0109339
3044918	0.0109339
3045520	0.0109339
3046122	0.0109339
3046724	0.0109339
3047326	0.0109339
3047928	0.0109339
3048530	0.0109339
3049132	0.0109339
3049734	0.0109339
3050336	0.0109339
3050938	0.0109339
3051540	0.0109339
3052142	0.0109339
3052744	0.0109339
3053346	0.0109339
3053948	0.0109339
3054550	0.0109339
3055152	0.0109339
3055754	0.0109339
3056356	0.0109339
3056958	0.0109339
3057560	0.0109339
3058162	0.0109339
3058764	0.0109339
3059366	0.0109339
3059968	0.0109339
3060570	0.0109339
3061172	0.0109339
3061774	0.0109339
3062376	0.0109339
3062978	0.0109339
3063580	0.0109339
3064182	0.0109339
3064784	0.0109339
3065386	0.0109339
3065988	0.0109339
3066590	0.0109339
3067192	0.0109339
3067794	0.0109339
3068396	0.0109339
3068998	0.0109339
3069600	0.0109339
3070202	0.0109339
3070804	0.0109339
3071406	0.0109339
3072008	0.0109339
3072610	0.0109339
3073212	0.0109339
3073814	0.0109339
3074416	0.0109339
3075018	0.0109339
3075620	0.0109339
3076222	0.0109339
3076824	0.0109339
3077426	0.0109339
3078028	0.0109339
3078630	0.0109339
3079232	0.0109339
3079834	0.0109339
3080436	0.0109339
3081038	0.0109339
3081640	0.0109339
3082242	0.0109339
3082844	0.0109339
3083446	0.0109339
3084048	0.0109339
3084650	0.0109339
3085252	0.0109339
3085854	0.0109339
3086456	0.0109339
3087058	0.0109339
3087660	0.0109339
3088262	0.0109339
3088864	0.0109339
3089466	0.0109339
3090068	0.0109339
3090670	0.0109339
3091272	0.0109339
3091874	0.0109339
3092476	0.0109339
3093078	0.0109339
3093680	0.0109339
3094282	0.0109339
3094884	0.0109339
3095486	0.0109339
3096088	0.0109339
3096690	0.0109339
3097292	0.0109339
3097894	0.0109339
3098496	0.0109339
3099098	0.0109339
3099700	0.0109339
3100302	0.0109339
3100904	0.0109339
3101506	0.0109339
3102108	0.0109339
3102710	0.0109339
3103312	0.0109339
3103914	0.0109339
3104516	0.0109339
3105118	0.0109339
3105720	0.0109339
3106322	0.0109339
3106924	0.0109339
3107526	0.0109339
3108128	0.0109339
3108730	0.0109339
3109332	0.0109339
3109934	0.0109339
3110536	0.0109339
3111138	0.0109339
3111740	0.0109339
3112342	0.0109339
3112944	0.0109339
3113546	0.0109339
3114148	0.0109339
3114750	0.0109339
3115352	0.0109339
3115954	0.0109339
3116556	0.0109339
3117158	0.0109339
3117760	0.0109339
3118362	0.0109339
3118964	0.0109339
3119566	0.0109339
3120168	0.0109339
3120770	0.0109339
3121372	0.0109339
3121974	0.0109339
3122576	0.0109339
3123178	0.0109339
3123780	0.0109339
3124382	0.0109339
3124984	0.0109339
3125586	0.0109339
3126188	0.0109339
3126790	0.0109339
3127392	0.0109339
3127994	0.0109339
3128596	0.0109339
3129198	0.0109339
3129800	0.0109339
3130402	0.0109339
3131004	0.0109339
3131606	0.0109339
3132208	0.0109339
3132810	0.0109339
3133412	0.0109339
3134014	0.0109339
3134616	0.0109339
3135218	0.0109339
3135820	0.0109339
3136422	0.0109339
3137024	0.0109339
3137626	0.0109339
3138228	0.0109339
3138830	0.0109339
3139432	0.0109339
3140034	0.0109339
3140636	0.0109339
3141238	0.0109339
3141840	0.0109339
3142442	0.0107901
3143044	0.0107901
3143646	0.0107901
3144248	0.0107901
3144850	0.0107901
3145452	0.0107901
3146054	0.0107901
3146656	0.0107901
3147258	0.0107901
3147860	0.0107901
3148462	0.0107901
3149064	0.0107901
3149666	0.0107901
3150268	0.0107901
3150870	0.0107901
3151472	0.0107901
3152074	0.0107901
3152676	0.0107901
3153278	0.0107901
3153880	0.0107901
3154482	0.0107901
3155084	0.0107901
3155686	0.0107901
3156288	0.0107901
3156890	0.0107901
3157492	0.0107901
3158094	0.0107901
3158696	0.0107901
3159298	0.0107901
3159900	0.0107901
3160502	0.0107901
3161104	0.0107901
3161706	0.0107901
3162308	0.0107901
3162910	0.0107901
3163512	0.0107901
3164114	0.0107901
3164716	0.0107901
3165318	0.0107901
3165920	0.0107901
3166522	0.0107901
3167124	0.0107901
3167726	0.0107901
3168328	0.0107901
3168930	0.0107901
3169532	0.0107901
3170134	0.0107901
3170736	0.0107405
3171338	0.0107405
3171940	0.0107405
3172542	0.0107405
3173144	0.0107405
3173746	0.0107405
3174348	0.0107405
3174950	0.0107405
3175552	0.0107405
3176154	0.0107405
3176756	0.0107405
3177358	0.0107405
3177960	0.0107405
3178562	0.0107405
3179164	0.0107405
3179766	0.0107405
3180368	0.0107405
3180970	0.0107405
3181572	0.0107405
3182174	0.0107405
3182776	0.0107405
3183378	0.0107405
3183980	0.0107405
3184582	0.0107405
3185184	0.0107405
3185786	0.0107405
3186388	0.0107405
3186990	0.0107405
3187592	0.0107405
3188194	0.0107405
3188796	0.0107405
3189398	0.0107405
3190000	0.0107405
3190602	0.0107405
3191204	0.0107405
3191806	0.0107405
3192408	0.0107405
3193010	0.0107405
3193612	0.0107405
3194214	0.0107405
3194816	0.0107405
3195418	0.0107405
3196020	0.0107405
3196622	0.0107405
3197224	0.0107405
3197826	0.0107405
3198428	0.0107405
3199030	0.0107405
3199632	0.0107405
3200234	0.0107405
3200836	0.0107405
3201438	0.0107405
3202040	0.0107405
3202642	0.0107405
3203244	0.0107405
3203846	0.0107405
3204448	0.0107405
3205050	0.0107405
3205652	0.0107405
3206254	0.0107405
3206856	0.0107405
3207458	0.0107405
3208060	0.0107405
3208662	0.0107405
3209264	0.0107405
3209866	0.0107405
3210468	0.0107405
3211070	0.0107405
3211672	0.0107405
3212274	0.0107405
3212876	0.0107405
3213478	0.0107405
3214080	0.0107405
3214682	0.0107405
3215284	0.010674
3215886	0.010674
3216488	0.010674
3217090	0.010674
3217692	0.010674
3218294	0.010674
3218896	0.010674
3219498	0.010674
3220100	0.010674
3220702	0.010674
3221304	0.010674
3221906	0.010674
3222508	0.010674
3223110	0.010674
3223712	0.010674
3224314	0.010674
3224916	0.010674
3225518	0.010674
3226120	0.010674
3226722	0.010674
3227324	0.010674
3227926	0.010674
3228528	0.010674
3229130	0.010674
3229732	0.010674
3230334	0.010674
3230936	0.010674
3231538	0.010674
3232140	0.010674
3232742	0.010674
3233344	0.010674
3233946	0.010674
3234548	0.010674
3235150	0.010674
3235752	0.010674
3236354	0.010674
3236956	0.010674
3237558	0.010674
3238160	0.010674
3238762	0.010674
3239364	0.010674
3239966	0.010674
3240568	0.010674
3241170	0.010674
3241772	0.010674
3242374	0.010674
3242976	0.010674
3243578	0.010674
3244180	0.010674
3244782	0.010674
3245384	0.010674
3245986	0.010674
3246588	0.010674
3247190	0.010674
3247792	0.010674
3248394	0.010674
3248996	0.010674
3249598	0.010674
3250200	0.010674
3250802	0.010674
3251404	0.010674
3252006	0.010674
3252608	0.010674
3253210	0.010674
3253812	0.010674
3254414	0.010674
3255016	0.010674
3255618	0.010674
3256220	0.010674
3256822	0.010674
3257424	0.010674
3258026	0.010674
3258628	0.010674
3259230	0.010674
3259832	0.010674
3260434	0.010674
3261036	0.010674
3261638	0.010674
3262240	0.010674
3262842	0.010674
3263444	0.010674
3264046	0.010674
3264648	0.010674
3265250	0.010674
3265852	0.010674
3266454	0.010674
3267056	0.010674
3267658	0.010674
3268260	0.010674
3268862	0.010674
3269464	0.010674
3270066	0.010674
3270668	0.010674
3271270	0.0105868
3271872	0.0105868
3272474	0.0105868
3273076	0.0105868
3273678	0.0105868
3274280	0.0105868
3274882	0.0105868
3275484	0.0105868
3276086	0.0105868
3276688	0.0105868
3277290	0.0105868
3277892	0.0105868
3278494	0.0105868
3279096	0.0105868
3279698	0.0105868
3280300	0.0105868
3280902	0.0105868
3281504	0.0105868
3282106	0.0105868
3282708	0.0105868
3283310	0.0105868
3283912	0.0105868
3284514	0.0105868
3285116	0.0105868
3285718	0.0105868
3286320	0.0105868
3286922	0.0105868
3287524	0.0105868
3288126	0.0105868
3288728	0.0105868
3289330	0.0105868
3289932	0.0105868
3290534	0.0105868
3291136	0.0105868
3291738	0.0105868
3292340	0.0105868
3292942	0.0105868
3293544	0.0105868
3294146	0.0105868
3294748	0.0105868
3295350	0.0105868
3295952	0.0105868
3296554	0.0105868
3297156	0.0105868
3297758	0.0105868
3298360	0.0105868
3298962	0.0104767
3299564	0.0104767
3300166	0.0104767
3300768	0.0104767
3301370	0.0104767
3301972	0.0104767
3302574	0.0104767
3303176	0.0104767
3303778	0.0104767
3304380	0.0104767
3304982	0.0104767
3305584	0.0104767
3306186	0.0104767
3306788	0.0104767
3307390	0.0104767
3307992	0.0104767
3308594	0.0104767
3309196	0.0104767
3309798	0.0104767
3310400	0.0104767
3311002	0.0104767
3311604	0.0104767
3312206	0.0104767
3312808	0.0104767
3313410	0.0104767
3314012	0.0104767
3314614	0.0104767
3315216	0.0104767
3315818	0.0104767
3316420	0.0104767
3317022	0.0104767
3317624	0.0104767
3318226	0.0104767
3318828	0.0104767
3319430	0.0104767
3320032	0.0104767
3320634	0.0104767
3321236	0.0104767
3321838	0.0104767
3322440	0.0104767
3323042	0.0104767
3323644	0.0104767
3324246	0.0104767
3324848	0.0104767
3325450	0.0104767
3326052	0.0104767
3326654	0.0104767
3327256	0.0104767
3327858	0.0104767
3328460	0.0104767
3329062	0.0104767
3329664	0.0104767
3330266	0.0104767
3330868	0.0104767
3331470	0.0104767
3332072	0.0104767
3332674	0.0104767
3333276	0.0104767
3333878	0.0104767
3334480	0.0104767
3335082	0.0104767
3335684	0.0104274
3336286	0.0104274
3336888	0.0104274
3337490	0.0104274
3338092	0.0104274
3338694	0.0104274
3339296	0.0104274
3339898	0.0104274
3340500	0.0104274
3341102	0.0104274
3341704	0.0104274
3342306	0.0104274
3342908	0.0104274
3343510	0.0104274
3344112	0.0104274
3344714	0.0104274
3345316	0.0104274
3345918	0.0104274
3346520	0.0104274
3347122	0.0104274
3347724	0.0104274
3348326	0.0104274
3348928	0.0104274
3349530	0.0104274
3350132	0.0104274
3350734	0.0104274
3351336	0.0104274
3351938	0.0104274
3352540	0.0104274
3353142	0.0104274
3353744	0.0104274
3354346	0.0104274
3354948	0.0104274
3355550	0.0104274
3356152	0.0104274
3356754	0.0104274
3357356	0.0104274
3357958	0.0104274
3358560	0.0104274
3359162	0.0104274
3359764	0.0104274
3360366	0.0104274
3360968	0.0104274
3361570	0.0104274
3362172	0.0104274
3362774	0.0104274
3363376	0.0104274
3363978	0.0104274
3364580	0.0104274
3365182	0.0104274
3365784	0.0104274
3366386	0.0104274
3366988	0.0104274
3367590	0.0104274
3368192	0.0104274
3368794	0.0104274
3369396	0.0104274
3369998	0.0104274
3370600	0.0104274
3371202	0.0104274
3371804	0.0104274
3372406	0.0104274
3373008	0.0104274
3373610	0.0104274
3374212	0.0104274
3374814	0.0104274
3375416	0.0103236
3376018	0.0103236
3376620	0.0103236
3377222	0.0103236
3377824	0.0103236
3378426	0.0103236
3379028	0.0103236
3379630	0.0103236
3380232	0.0103236
3380834	0.0103236
3381436	0.0103236
3382038	0.0103236
3382640	0.0103236
3383242	0.0103236
3383844	0.0103236
3384446	0.0103236
3385048	0.0103236
3385650	0.0103236
3386252	0.0103236
3386854	0.0103236
3387456	0.0103236
3388058	0.0103236
3388660	0.0103236
3389262	0.0103236
3389864	0.0103236
3390466	0.0103236
3391068	0.0103236
3391670	0.0103236
3392272	0.0103236
3392874	0.0103236
3393476	0.0103236
3394078	0.0103236
3394680	0.0103236
3395282	0.0103236
3395884	0.0103236
3396486	0.0103236
3397088	0.0103236
3397690	0.0103236
3398292	0.0103236
3398894	0.0103236
3399496	0.0103236
3400098	0.0103236
3400700	0.0103236
3401302	0.0103236
3401904	0.0103236
3402506	0.0103236
3403108	0.0103236
3403710	0.0103236
3404312	0.0103236
3404914	0.0103236
3405516	0.0103236
3406118	0.0103236
3406720	0.0103236
3407322	0.0103236
3407924	0.0103236
3408526	0.0103236
3409128	0.0103236
3409730	0.0103236
3410332	0.0103236
3410934	0.0103236
3411536	0.0103236
3412138	0.0103236
3412740	0.0103236
3413342	0.0103236
3413944	0.0103236
3414546	0.0103236
3415148	0.0103236
3415750	0.0103236
3416352	0.0103236
3416954	0.0103236
3417556	0.0103236
3418158	0.0103236
3418760	0.0103236
3419362	0.0103236
3419964	0.0103236
3420566	0.0103236
3421168	0.0103236
3421770	0.0103236
3422372	0.0103236
3422974	0.0103236
3423576	0.0103236
3424178	0.0103236
3424780	0.0103236
3425382	0.0103236
3425984	0.0103236
3426586	0.0103236
3427188	0.0103236
3427790	0.0103236
3428392	0.0103236
3428994	0.0103236
3429596	0.0103236
3430198	0.0103236
3430800	0.0103236
3431402	0.0103236
3432004	0.0103236
3432606	0.0103236
3433208	0.0103236
3433810	0.0103236
3434412	0.0103236
3435014	0.0103236
3435616	0.0103236
3436218	0.0103236
3436820	0.0103236
3437422	0.0103236
3438024	0.0103236
3438626	0.0103217
3439228	0.0103217
3439830	0.0103217
3440432	0.0103217
3441034	0.0103217
3441636	0.0103217
3442238	0.0103217
3442840	0.0103217
3443442	0.0103217
3444044	0.0103217
3444646	0.0103217
3445248	0.0103217
3445850	0.0103217
3446452	0.0103217
3447054	0.0103217
3447656	0.0103217
3448258	0.0103217
3448860	0.0103217
3449462	0.0103217
3450064	0.0103217
3450666	0.0103217
3451268	0.0103217
3451870	0.0103217
3452472	0.0103217
3453074	0.0103217
3453676	0.0103217
3454278	0.0103217
3454880	0.0103217
3455482	0.0103217
3456084	0.0103217
3456686	0.0103217
3457288	0.0103217
3457890	0.0103217
3458492	0.0103217
3459094	0.0103217
3459696	0.0103217
3460298	0.0103217
3460900	0.0103217
3461502	0.0103217
3462104	0.0103217
