0	100	239.313
1	200	299.95
2	300	198.863
3	400	94.2094
4	500	70.6768
5	600	64.8841
6	700	44.5898
7	800	38.9892
8	900	32.8947
9	1000	19.1742
10	1100	19.1742
11	1200	13.3184
12	1300	11.7379
13	1400	9.71514
14	1500	9.71514
15	1600	9.16697
16	1700	9.16697
17	1800	9.16697
18	1900	9.16697
19	2000	9.16697
20	2100	6.77814
21	2200	4.78606
22	2300	4.637
23	2400	4.57853
24	2500	4.41976
25	2600	4.41919
26	2700	2.4881
27	2800	2.32876
28	2900	1.336
29	3000	1.31647
30	3100	1.24992
31	3200	1.09058
32	3300	1.09058
33	3400	1.09058
34	3500	1.09058
35	3600	1.09058
36	3700	1.09058
37	3800	1.09058
38	3900	0.74413
39	4000	0.74413
40	4100	0.74413
41	4200	0.74413
42	4300	0.74413
43	4400	0.74413
44	4500	0.74413
45	4600	0.680197
46	4700	0.680197
47	4800	0.680197
48	4900	0.680197
49	5000	0.680197
50	5100	0.680197
51	5200	0.680197
52	5300	0.680197
53	5400	0.680197
54	5500	0.680197
55	5600	0.609729
56	5700	0.609729
57	5800	0.609729
58	5900	0.609729
59	6000	0.609729
60	6100	0.609729
61	6200	0.472145
62	6300	0.472145
63	6400	0.472145
64	6500	0.472145
65	6600	0.472145
66	6700	0.472145
67	6800	0.472145
68	6900	0.472145
69	7000	0.46639
70	7100	0.195292
71	7200	0.166114
72	7300	0.166114
73	7400	0.166114
74	7500	0.166114
75	7600	0.166114
76	7700	0.166114
77	7800	0.166114
78	7900	0.166114
79	8000	0.166114
80	8100	0.166114
81	8200	0.166114
82	8300	0.166114
83	8400	0.166114
84	8500	0.166114
85	8600	0.0646018
86	8700	0.0646018
87	8800	0.0646018
88	8900	0.0646018
89	9000	0.0646018
90	9100	0.0646018
91	9200	0.0646018
92	9300	0.0623057
93	9400	0.0623057
94	9500	0.0623057
95	9600	0.0623057
96	9700	0.0623057
97	9800	0.0623057
98	9900	0.0623057
99	10000	0.0623057
100	10100	0.0623057
101	10200	0.0623057
102	10300	0.0623057
103	10400	0.0623057
104	10500	0.0623057
105	10600	0.0623057
106	10700	0.0623057
107	10800	0.0623057
108	10900	0.0623057
109	11000	0.0623057
110	11100	0.0623057
111	11200	0.0623057
112	11300	0.0623057
113	11400	0.0623057
114	11500	0.0623057
115	11600	0.0623057
116	11700	0.0623057
117	11800	0.0623057
118	11900	0.0623057
119	12000	0.0623057
120	12100	0.0623057
121	12200	0.0588768
122	12300	0.0588768
123	12400	0.0588768
124	12500	0.0588768
125	12600	0.0588768
126	12700	0.0588768
127	12800	0.0588768
128	12900	0.0588768
129	13000	0.0588768
130	13100	0.0588768
131	13200	0.0588768
132	13300	0.0588768
133	13400	0.0588768
134	13500	0.0588768
135	13600	0.0588768
136	13700	0.031403
137	13800	0.031403
138	13900	0.031403
139	14000	0.031403
140	14100	0.031403
141	14200	0.031403
142	14300	0.031403
143	14400	0.031403
144	14500	0.031403
145	14600	0.031403
146	14700	0.031403
147	14800	0.031403
148	14900	0.031403
149	15000	0.031403
150	15100	0.031403
151	15200	0.031403
152	15300	0.031403
153	15400	0.031403
154	15500	0.031403
155	15600	0.031403
156	15700	0.031403
157	15800	0.031403
158	15900	0.0307285
159	16000	0.0306113
160	16100	0.0306113
161	16200	0.0306113
162	16300	0.0306113
163	16400	0.0306113
164	16500	0.0306113
165	16600	0.0306113
166	16700	0.0306113
167	16800	0.0306113
168	16900	0.0306113
169	17000	0.0306113
170	17100	0.0306113
171	17200	0.0306113
172	17300	0.0306113
173	17400	0.0306113
174	17500	0.0306113
175	17600	0.0306113
176	17700	0.0306113
177	17800	0.0214214
178	17900	0.0214214
179	18000	0.0214214
180	18100	0.0214214
181	18200	0.0214214
182	18300	0.0214214
183	18400	0.0214214
184	18500	0.0214214
185	18600	0.0214214
186	18700	0.0214214
187	18800	0.0214214
188	18900	0.0214214
189	19000	0.0214214
190	19100	0.0214214
191	19200	0.0214214
192	19300	0.0214214
193	19400	0.0214214
194	19500	0.0214214
195	19600	0.0214214
196	19700	0.0214214
197	19800	0.0214214
198	19900	0.0214214
199	20000	0.0214214
200	20100	0.0214214
201	20200	0.0214214
202	20300	0.0214214
203	20400	0.0214214
204	20500	0.0214214
205	20600	0.0214214
206	20700	0.0214214
207	20800	0.0214214
208	20900	0.0214214
209	21000	0.0214214
210	21100	0.0214214
211	21200	0.0214214
212	21300	0.0209411
213	21400	0.0209411
214	21500	0.0209411
215	21600	0.0209411
216	21700	0.0209411
217	21800	0.0209411
218	21900	0.0209411
219	22000	0.0209411
220	22100	0.0209411
221	22200	0.0209411
222	22300	0.0209411
223	22400	0.0209411
224	22500	0.0209411
225	22600	0.0209411
226	22700	0.0209411
227	22800	0.0209411
228	22900	0.0209411
229	23000	0.0209411
230	23100	0.0209411
231	23200	0.0209411
232	23300	0.0209411
233	23400	0.0209411
234	23500	0.0209411
235	23600	0.0209411
236	23700	0.0209411
237	23800	0.0209411
238	23900	0.0209411
239	24000	0.0209411
240	24100	0.0209411
241	24200	0.0209411
242	24300	0.0209411
243	24400	0.0209411
244	24500	0.0209411
245	24600	0.0209411
246	24700	0.0209411
247	24800	0.0209411
248	24900	0.0204475
249	25000	0.0204475
250	25100	0.0204475
251	25200	0.0204475
252	25300	0.0204475
253	25400	0.0204475
254	25500	0.0204475
255	25600	0.0204475
256	25700	0.0204475
257	25800	0.0204475
258	25900	0.0204475
259	26000	0.0204475
260	26100	0.0204475
261	26200	0.0204475
262	26300	0.0204475
263	26400	0.0204475
264	26500	0.0204475
265	26600	0.0204475
266	26700	0.0204475
267	26800	0.0204475
268	26900	0.0204475
269	27000	0.0204475
270	27100	0.0204475
271	27200	0.0204475
272	27300	0.0204475
273	27400	0.0204475
274	27500	0.0204475
275	27600	0.0204475
276	27700	0.0204475
277	27800	0.0204475
278	27900	0.0204475
279	28000	0.0204475
280	28100	0.0204475
281	28200	0.0204475
282	28300	0.0204475
283	28400	0.0204475
284	28500	0.0204475
285	28600	0.0204475
286	28700	0.0204475
287	28800	0.0204475
288	28900	0.0204475
289	29000	0.0204475
290	29100	0.0204475
291	29200	0.0204475
292	29300	0.0204475
293	29400	0.0204475
294	29500	0.0204475
295	29600	0.0204475
296	29700	0.0204475
297	29800	0.0204475
298	29900	0.0204475
299	30000	0.0204475
300	30100	0.0204475
301	30200	0.0204475
302	30300	0.0204475
303	30400	0.0204475
304	30500	0.0204475
305	30600	0.0204475
306	30700	0.0204475
307	30800	0.0204475
308	30900	0.0204475
309	31000	0.0204475
310	31100	0.0204475
311	31200	0.0204475
312	31300	0.0204475
313	31400	0.0204475
314	31500	0.0204475
315	31600	0.0204475
316	31700	0.0204475
317	31800	0.0204475
318	31900	0.0204475
319	32000	0.020362
320	32100	0.020362
321	32200	0.020362
322	32300	0.020362
323	32400	0.020362
324	32500	0.020362
325	32600	0.020362
326	32700	0.020362
327	32800	0.020362
328	32900	0.020362
329	33000	0.0188656
330	33100	0.0188656
331	33200	0.0188656
332	33300	0.0188656
333	33400	0.0188656
334	33500	0.0188656
335	33600	0.0188656
336	33700	0.0188656
337	33800	0.0181364
338	33900	0.0181364
339	34000	0.0181364
340	34100	0.0181364
341	34200	0.0181364
342	34300	0.0181364
343	34400	0.0181364
344	34500	0.0180957
345	34600	0.0180957
346	34700	0.0180957
347	34800	0.0180957
348	34900	0.0180957
349	35000	0.0180957
350	35100	0.0180957
351	35200	0.0180957
352	35300	0.0180957
353	35400	0.0180957
354	35500	0.0180957
355	35600	0.0180957
356	35700	0.0180957
357	35800	0.0180957
358	35900	0.0180957
359	36000	0.0180957
360	36100	0.0180957
361	36200	0.0180957
362	36300	0.0180957
363	36400	0.0180957
364	36500	0.0180957
365	36600	0.0180957
366	36700	0.0180957
367	36800	0.0180957
368	36900	0.0180957
369	37000	0.0180957
370	37100	0.0180957
371	37200	0.0105261
372	37300	0.0105261
373	37400	0.0105261
374	37500	0.0105261
375	37600	0.0105261
376	37700	0.0105261
377	37800	0.0105261
378	37900	0.0105261
379	38000	0.0105261
380	38100	0.0105261
381	38200	0.0105261
382	38300	0.0105261
383	38400	0.0105261
384	38500	0.0105261
385	38600	0.0105261
386	38700	0.0103748
387	38800	0.0103516
388	38900	0.0103516
389	39000	0.0103516
390	39100	0.0103516
391	39200	0.0103516
392	39300	0.0103516
393	39400	0.00332951
394	39500	0.00332951
395	39600	0.00332951
396	39700	0.00332951
397	39800	0.00332951
398	39900	0.00332951
399	40000	0.00332951
400	40100	0.00332951
401	40200	0.00332951
402	40300	0.00332951
403	40400	0.00332951
404	40500	0.00332951
405	40600	0.00332951
406	40700	0.00332951
407	40800	0.00332951
408	40900	0.00332951
409	41000	0.00332951
410	41100	0.00332951
411	41200	0.00332951
412	41300	0.00332951
413	41400	0.00332951
414	41500	0.00332951
415	41600	0.00332951
416	41700	0.00332951
417	41800	0.00332951
418	41900	0.00332951
419	42000	0.00332951
420	42100	0.00332951
421	42200	0.00332951
422	42300	0.00332951
423	42400	0.00332951
424	42500	0.00332951
425	42600	0.00332951
426	42700	0.00332951
427	42800	0.00227273
428	42900	0.00227273
429	43000	0.00227273
430	43100	0.00227273
431	43200	0.00227273
432	43300	0.00227273
433	43400	0.00227273
434	43500	0.00227273
435	43600	0.00227273
436	43700	0.00227273
437	43800	0.00227273
438	43900	0.00227273
439	44000	0.00227273
440	44100	0.00227273
441	44200	0.00227273
442	44300	0.00227273
443	44400	0.00227273
444	44500	0.00227273
445	44600	0.00227273
446	44700	0.00227273
447	44800	0.00227273
448	44900	0.00227273
449	45000	0.00227273
450	45100	0.00227273
451	45200	0.00227273
452	45300	0.00227273
453	45400	0.00227273
454	45500	0.00227273
455	45600	0.00227273
456	45700	0.00227273
457	45800	0.00227273
458	45900	0.00227273
459	46000	0.00227273
460	46100	0.00227273
461	46200	0.00227273
462	46300	0.00227273
463	46400	0.00227273
464	46500	0.00227273
465	46600	0.00227273
466	46700	0.00227273
467	46800	0.00227273
468	46900	0.00227273
469	47000	0.00227273
470	47100	0.00227273
471	47200	0.00227273
472	47300	0.00227273
473	47400	0.00227273
474	47500	0.00227273
475	47600	0.00227273
476	47700	0.00227273
477	47800	0.00227273
478	47900	0.00227273
479	48000	0.00227273
480	48100	0.00227273
481	48200	0.00227273
482	48300	0.00227273
483	48400	0.00227273
484	48500	0.00227273
485	48600	0.00227273
486	48700	0.00227273
487	48800	0.00227273
488	48900	0.00227273
489	49000	0.00227273
490	49100	0.00227273
491	49200	0.00227273
492	49300	0.00227273
493	49400	0.00227273
494	49500	0.00227273
495	49600	0.00227273
496	49700	0.00227273
497	49800	0.00227273
498	49900	0.00227273
499	50000	0.00227273
500	50100	0.00227273
501	50200	0.00227273
502	50300	0.00227273
503	50400	0.00227273
504	50500	0.00227273
505	50600	0.00227273
506	50700	0.00227273
507	50800	0.00227273
508	50900	0.00227273
509	51000	0.00227273
510	51100	0.00227273
511	51200	0.00227273
512	51300	0.00227273
513	51400	0.00227273
514	51500	0.00227273
515	51600	0.00227273
516	51700	0.00227273
517	51800	0.00227273
518	51900	0.00227273
519	52000	0.00227273
520	52100	0.00227273
521	52200	0.00227273
522	52300	0.00227273
523	52400	0.00227273
524	52500	0.00227273
525	52600	0.00227273
526	52700	0.00227273
527	52800	0.00227273
528	52900	0.00227273
529	53000	0.00227273
530	53100	0.00227273
531	53200	0.00227273
532	53300	0.00161419
533	53400	0.00161419
534	53500	0.00161419
535	53600	0.00161419
536	53700	0.00161419
537	53800	0.00161419
538	53900	0.00161419
539	54000	0.00161419
540	54100	0.00161419
541	54200	0.00161419
542	54300	0.00161419
543	54400	0.00161419
544	54500	0.00161419
545	54600	0.00161419
546	54700	0.00161419
547	54800	0.00161419
548	54900	0.00161419
549	55000	0.00161419
550	55100	0.00161419
551	55200	0.00161419
552	55300	0.00161419
553	55400	0.00161419
554	55500	0.00161419
555	55600	0.00161419
556	55700	0.00161419
557	55800	0.00161419
558	55900	0.00161419
559	56000	0.00161419
560	56100	0.00161419
561	56200	0.00161419
562	56300	0.00161419
563	56400	0.00161419
564	56500	0.00161419
565	56600	0.00161419
566	56700	0.00161419
567	56800	0.00161419
568	56900	0.00161419
569	57000	0.00161419
570	57100	0.00161419
571	57200	0.00161419
572	57300	0.00161419
573	57400	0.00161419
574	57500	0.00161419
575	57600	0.00161419
576	57700	0.00161419
577	57800	0.00161419
578	57900	0.00161419
579	58000	0.00161419
580	58100	0.00161419
581	58200	0.00161419
582	58300	0.00161419
583	58400	0.00161419
584	58500	0.00161419
585	58600	0.00161419
586	58700	0.00161419
587	58800	0.00161419
588	58900	0.00161419
589	59000	0.00161419
590	59100	0.00161419
591	59200	0.00161419
592	59300	0.00161419
593	59400	0.00161419
594	59500	0.00161419
595	59600	0.00161419
596	59700	0.00161419
597	59800	0.00161419
598	59900	0.00161419
599	60000	0.00161419
600	60100	0.00161419
601	60200	0.00161419
602	60300	0.00161419
603	60400	0.00161419
604	60500	0.00161419
605	60600	0.00161419
606	60700	0.00161419
607	60800	0.00161419
608	60900	0.00161419
609	61000	0.00161419
610	61100	0.00161419
611	61200	0.00161419
612	61300	0.00161419
613	61400	0.00161419
614	61500	0.00161419
615	61600	0.00161419
616	61700	0.00161419
617	61800	0.00161419
618	61900	0.00161419
619	62000	0.00161419
620	62100	0.00161419
621	62200	0.00161419
622	62300	0.00161419
623	62400	0.00161419
624	62500	0.00161419
625	62600	0.00161419
626	62700	0.00161419
627	62800	0.00161419
628	62900	0.00161419
629	63000	0.00161419
630	63100	0.00161419
631	63200	0.00161419
632	63300	0.00161419
633	63400	0.00161419
634	63500	0.00161419
635	63600	0.00161419
636	63700	0.00161419
637	63800	0.00161419
638	63900	0.00161419
639	64000	0.00161419
640	64100	0.00161419
641	64200	0.00161419
642	64300	0.00161419
643	64400	0.00161419
644	64500	0.00161419
645	64600	0.00161419
646	64700	0.00161419
647	64800	0.00161419
648	64900	0.00161419
649	65000	0.00161419
650	65100	0.00161419
651	65200	0.00161419
652	65300	0.00161419
653	65400	0.00161419
654	65500	0.00161419
655	65600	0.00161419
656	65700	0.00161419
657	65800	0.00161419
658	65900	0.00161419
659	66000	0.00161419
660	66100	0.00161419
661	66200	0.00161419
662	66300	0.00161419
663	66400	0.00161419
664	66500	0.00161419
665	66600	0.00161419
666	66700	0.00161419
667	66800	0.00161419
668	66900	0.00161419
669	67000	0.00161419
670	67100	0.00161419
671	67200	0.00161419
672	67300	0.00161419
673	67400	0.00161419
674	67500	0.00161419
675	67600	0.00161419
676	67700	0.00161419
677	67800	0.00161419
678	67900	0.00161419
679	68000	0.00161419
680	68100	0.00161419
681	68200	0.00161419
682	68300	0.00161419
683	68400	0.00161419
684	68500	0.00161419
685	68600	0.00161419
686	68700	0.00161419
687	68800	0.00161419
688	68900	0.00161419
689	69000	0.00161419
690	69100	0.00161419
691	69200	0.00158473
692	69300	0.00158473
693	69400	0.00158473
694	69500	0.00158473
695	69600	0.00158473
696	69700	0.00158473
697	69800	0.00158473
698	69900	0.00158473
699	70000	0.00158473
700	70100	0.00158473
701	70200	0.00158473
702	70300	0.00158473
703	70400	0.00158473
704	70500	0.00158473
705	70600	0.00158473
706	70700	0.00158473
707	70800	0.00158473
708	70900	0.00158473
709	71000	0.00158473
710	71100	0.00158473
711	71200	0.00158473
712	71300	0.00158473
713	71400	0.00158473
714	71500	0.00158473
715	71600	0.00158473
716	71700	0.00158473
717	71800	0.00158473
718	71900	0.00158473
719	72000	0.00158473
720	72100	0.00158473
721	72200	0.00158473
722	72300	0.00158473
723	72400	0.00158473
724	72500	0.00158473
725	72600	0.00158473
726	72700	0.00158473
727	72800	0.00158473
728	72900	0.00158473
729	73000	0.00158473
730	73100	0.00158473
731	73200	0.00158473
732	73300	0.00158473
733	73400	0.00158473
734	73500	0.00158473
735	73600	0.00158473
736	73700	0.00158473
737	73800	0.00158473
738	73900	0.00158473
739	74000	0.00158473
740	74100	0.00158473
741	74200	0.00158473
742	74300	0.00158473
743	74400	0.00158473
744	74500	0.00158473
745	74600	0.00158473
746	74700	0.00158473
747	74800	0.00158473
748	74900	0.00158473
749	75000	0.00158473
750	75100	0.00158473
751	75200	0.00158473
752	75300	0.00158473
753	75400	0.00158473
754	75500	0.00158473
755	75600	0.00158473
756	75700	0.00158473
757	75800	0.00158473
758	75900	0.00158473
759	76000	0.00158473
760	76100	0.00158473
761	76200	0.00158473
762	76300	0.00158473
763	76400	0.00158473
764	76500	0.00158473
765	76600	0.00158473
766	76700	0.00158473
767	76800	0.00158473
768	76900	0.00158473
769	77000	0.00158473
770	77100	0.00158473
771	77200	0.00158473
772	77300	0.00158473
773	77400	0.00158473
774	77500	0.00158473
775	77600	0.00158473
776	77700	0.00158473
777	77800	0.00158473
778	77900	0.00158473
779	78000	0.00158473
780	78100	0.00158473
781	78200	0.00158473
782	78300	0.00158473
783	78400	0.00158473
784	78500	0.00158473
785	78600	0.00158473
786	78700	0.00158473
787	78800	0.00158473
788	78900	0.00158473
789	79000	0.00158473
790	79100	0.00158473
791	79200	0.00158473
792	79300	0.00158473
793	79400	0.00158473
794	79500	0.00158473
795	79600	0.00158473
796	79700	0.00158473
797	79800	0.00158473
798	79900	0.00158473
799	80000	0.00158473
800	80100	0.00158473
801	80200	0.00158473
802	80300	0.00158473
803	80400	0.00158473
804	80500	0.00158473
805	80600	0.00158473
806	80700	0.00158473
807	80800	0.00158473
808	80900	0.00158473
809	81000	0.00158473
810	81100	0.00158473
811	81200	0.00158473
812	81300	0.00158473
813	81400	0.00158473
814	81500	0.00158473
815	81600	0.00158473
816	81700	0.00158473
817	81800	0.00158473
818	81900	0.00158473
819	82000	0.00158473
820	82100	0.00158473
821	82200	0.00158473
822	82300	0.00158473
823	82400	0.00158473
824	82500	0.00158473
825	82600	0.00158473
826	82700	0.00158473
827	82800	0.00158473
828	82900	0.00158473
829	83000	0.00158473
830	83100	0.00158473
831	83200	0.00158473
832	83300	0.00158473
833	83400	0.00158473
834	83500	0.00158473
835	83600	0.00158473
836	83700	0.00158473
837	83800	0.00158473
838	83900	0.00158473
839	84000	0.00158473
840	84100	0.00158473
841	84200	0.00158473
842	84300	0.00158473
843	84400	0.00158473
844	84500	0.00158473
845	84600	0.00158473
846	84700	0.00158473
847	84800	0.00158473
848	84900	0.00158473
849	85000	0.00158473
850	85100	0.00158473
851	85200	0.00158473
852	85300	0.00158473
853	85400	0.00158473
854	85500	0.00158473
855	85600	0.00158473
856	85700	0.00158473
857	85800	0.00158473
858	85900	0.00158473
859	86000	0.00158473
860	86100	0.00158473
861	86200	0.00158473
862	86300	0.00158473
863	86400	0.00158473
864	86500	0.00158473
865	86600	0.00158473
866	86700	0.00158473
867	86800	0.00158473
868	86900	0.00158473
869	87000	0.00158473
870	87100	0.00158473
871	87200	0.00158473
872	87300	0.00158473
873	87400	0.00158473
874	87500	0.00158473
875	87600	0.00158473
876	87700	0.00158473
877	87800	0.00158473
878	87900	0.00158473
879	88000	0.00158473
880	88100	0.00158473
881	88200	0.00158473
882	88300	0.00158473
883	88400	0.00158473
884	88500	0.00158473
885	88600	0.00158473
886	88700	0.00158473
887	88800	0.00158473
888	88900	0.00158473
889	89000	0.00158473
890	89100	0.00158473
891	89200	0.00158473
892	89300	0.00158473
893	89400	0.00158473
894	89500	0.00158473
895	89600	0.00158473
896	89700	0.00158473
897	89800	0.00158473
898	89900	0.00158473
899	90000	0.00158473
900	90100	0.00158473
901	90200	0.00158473
902	90300	0.00158473
903	90400	0.00158473
904	90500	0.00158473
905	90600	0.00158473
906	90700	0.00158473
907	90800	0.00158473
908	90900	0.00158473
909	91000	0.00158473
910	91100	0.00158473
911	91200	0.00158473
912	91300	0.00158473
913	91400	0.00158473
914	91500	0.00158473
915	91600	0.00143602
916	91700	0.00143602
917	91800	0.00117471
918	91900	0.00117471
919	92000	0.00117471
920	92100	0.00117471
921	92200	0.00117471
922	92300	0.00117471
923	92400	0.00117471
924	92500	0.00117471
925	92600	0.00117471
926	92700	0.00117471
927	92800	0.00117471
928	92900	0.00117471
929	93000	0.00117471
930	93100	0.00117471
931	93200	0.00117471
932	93300	0.00117471
933	93400	0.00117471
934	93500	0.00117471
935	93600	0.00117471
936	93700	0.00117471
937	93800	0.00117471
938	93900	0.00117471
939	94000	0.00117471
940	94100	0.00117471
941	94200	0.00117471
942	94300	0.00117471
943	94400	0.00117471
944	94500	0.00117471
945	94600	0.00117471
946	94700	0.00117471
947	94800	0.00117471
948	94900	0.00117471
949	95000	0.00117471
950	95100	0.00117471
951	95200	0.00117471
952	95300	0.00117471
953	95400	0.00117471
954	95500	0.00117471
955	95600	0.00117471
956	95700	0.00117471
957	95800	0.00117471
958	95900	0.00117471
959	96000	0.00117471
960	96100	0.00117471
961	96200	0.00117471
962	96300	0.00117471
963	96400	0.00117471
964	96500	0.00117471
965	96600	0.00101062
966	96700	0.00101062
967	96800	0.00101062
968	96900	0.00101062
969	97000	0.00101062
970	97100	0.00101062
971	97200	0.00101062
972	97300	0.00101062
973	97400	0.00101062
974	97500	0.00101062
975	97600	0.00101062
976	97700	0.00101062
977	97800	0.00101062
978	97900	0.00101062
979	98000	0.00101062
980	98100	0.00101062
981	98200	0.00101062
982	98300	0.00101062
983	98400	0.00101062
984	98500	0.00101062
985	98600	0.00101062
986	98700	0.00101062
987	98800	0.00101062
988	98900	0.00101062
989	99000	0.00101062
990	99100	0.00101062
991	99200	0.00101062
992	99300	0.00101062
993	99400	0.00101062
994	99500	0.00101062
995	99600	0.00101062
996	99700	0.00101062
997	99800	0.00101062
998	99900	0.00101062
999	100000	0.00101062
1000	100100	0.00101062
