0	100	192.494
1	200	193.144
2	300	138.361
3	400	95.6339
4	500	87.9954
5	600	62.6164
6	700	54.8159
7	800	42.628
8	900	39.169
9	1000	36.7375
10	1100	30.0168
11	1200	27.386
12	1300	24.5841
13	1400	21.4905
14	1500	18.9948
15	1600	15.5309
16	1700	15.1605
17	1800	9.60625
18	1900	9.35303
19	2000	8.55251
20	2100	6.00431
21	2200	5.63396
22	2300	3.4904
23	2400	3.4904
24	2500	3.4904
25	2600	3.09812
26	2700	3.09812
27	2800	3.09812
28	2900	3.09812
29	3000	2.45439
30	3100	2.45439
31	3200	2.24874
32	3300	2.24874
33	3400	2.07788
34	3500	2.03992
35	3600	2.03992
36	3700	2.03992
37	3800	1.74243
38	3900	1.70447
39	4000	1.70447
40	4100	1.70447
41	4200	1.70447
42	4300	1.62406
43	4400	1.62406
44	4500	1.59515
45	4600	1.56509
46	4700	1.50327
47	4800	1.44429
48	4900	0.398928
49	5000	0.291816
50	5100	0.291816
51	5200	0.288288
52	5300	0.288288
53	5400	0.288288
54	5500	0.288288
55	5600	0.288288
56	5700	0.288288
57	5800	0.288288
58	5900	0.288288
59	6000	0.279921
60	6100	0.278468
61	6200	0.278468
62	6300	0.278468
63	6400	0.278468
64	6500	0.278468
65	6600	0.278468
66	6700	0.278468
67	6800	0.278468
68	6900	0.278468
69	7000	0.244807
70	7100	0.244807
71	7200	0.244807
72	7300	0.244807
73	7400	0.244807
74	7500	0.164252
75	7600	0.164252
76	7700	0.141822
77	7800	0.141822
78	7900	0.141822
79	8000	0.141822
80	8100	0.141822
81	8200	0.141822
82	8300	0.141822
83	8400	0.141822
84	8500	0.141822
85	8600	0.141822
86	8700	0.141822
87	8800	0.141822
88	8900	0.141822
89	9000	0.141822
90	9100	0.141822
91	9200	0.141822
92	9300	0.141822
93	9400	0.138106
94	9500	0.138106
95	9600	0.138106
96	9700	0.138106
97	9800	0.138106
98	9900	0.138106
99	10000	0.0941014
100	10100	0.0941014
101	10200	0.0941014
102	10300	0.0941014
103	10400	0.0941014
104	10500	0.0941014
105	10600	0.0903623
106	10700	0.0903623
107	10800	0.0903623
108	10900	0.0903623
109	11000	0.0903623
110	11100	0.0903623
111	11200	0.0903623
112	11300	0.0903623
113	11400	0.0903623
114	11500	0.0903623
115	11600	0.0903623
116	11700	0.0903623
117	11800	0.0903623
118	11900	0.0903623
119	12000	0.0851214
120	12100	0.0851214
121	12200	0.0851214
122	12300	0.0851214
123	12400	0.0851214
124	12500	0.0851214
125	12600	0.0851214
126	12700	0.0851214
127	12800	0.0851214
128	12900	0.0851214
129	13000	0.0851214
130	13100	0.0851214
131	13200	0.0851214
132	13300	0.0451911
133	13400	0.0451911
134	13500	0.0451911
135	13600	0.0451911
136	13700	0.0451911
137	13800	0.0451911
138	13900	0.0451911
139	14000	0.0451911
140	14100	0.0451911
141	14200	0.0451911
142	14300	0.0451911
143	14400	0.0451911
144	14500	0.0451911
145	14600	0.0451911
146	14700	0.0451911
147	14800	0.0451911
148	14900	0.0451911
149	15000	0.0451911
150	15100	0.0451911
151	15200	0.0451911
152	15300	0.0451911
153	15400	0.0451911
154	15500	0.0451911
155	15600	0.0451911
156	15700	0.0451911
157	15800	0.0425637
158	15900	0.0425637
159	16000	0.0425637
160	16100	0.0425637
161	16200	0.0425637
162	16300	0.0423631
163	16400	0.0423631
164	16500	0.0355776
165	16600	0.035377
166	16700	0.035377
167	16800	0.035377
168	16900	0.035377
169	17000	0.035377
170	17100	0.035377
171	17200	0.035377
172	17300	0.0315751
173	17400	0.0315751
174	17500	0.0315751
175	17600	0.0278033
176	17700	0.0275148
177	17800	0.023743
178	17900	0.0224115
179	18000	0.0224115
180	18100	0.0224115
181	18200	0.0224115
182	18300	0.0224115
183	18400	0.0224115
184	18500	0.0219574
185	18600	0.0219574
186	18700	0.0219574
187	18800	0.0219574
188	18900	0.0219574
189	19000	0.0219574
190	19100	0.0219574
191	19200	0.0219574
192	19300	0.0219574
193	19400	0.0219574
194	19500	0.0219574
195	19600	0.0219574
196	19700	0.0219574
197	19800	0.0219574
198	19900	0.0219574
199	20000	0.0219574
200	20100	0.0219574
201	20200	0.00632386
202	20300	0.00632386
203	20400	0.00632386
204	20500	0.00632386
205	20600	0.00632386
206	20700	0.00632386
207	20800	0.00632386
208	20900	0.00632386
209	21000	0.00632386
210	21100	0.00632386
211	21200	0.00632386
212	21300	0.00632386
213	21400	0.00632386
214	21500	0.00632386
215	21600	0.00632386
216	21700	0.00632386
217	21800	0.00632386
218	21900	0.00632386
219	22000	0.00632386
220	22100	0.00632386
221	22200	0.00632386
222	22300	0.00632386
223	22400	0.00632386
224	22500	0.00632386
225	22600	0.00632386
226	22700	0.00632386
227	22800	0.00632386
228	22900	0.00632386
229	23000	0.00632386
230	23100	0.00632386
231	23200	0.00632386
232	23300	0.00632386
233	23400	0.00632386
234	23500	0.00632386
235	23600	0.00632386
236	23700	0.00632386
237	23800	0.00632386
238	23900	0.00632386
239	24000	0.00632386
240	24100	0.00632386
241	24200	0.00632386
242	24300	0.00632386
243	24400	0.00632386
244	24500	0.00632386
245	24600	0.00632386
246	24700	0.00632386
247	24800	0.00632386
248	24900	0.00632386
249	25000	0.00632386
250	25100	0.00632386
251	25200	0.00632386
252	25300	0.00632386
253	25400	0.00632386
254	25500	0.00632386
255	25600	0.00632386
256	25700	0.00632386
257	25800	0.0059873
258	25900	0.0059873
259	26000	0.0059873
260	26100	0.0059873
261	26200	0.0059873
262	26300	0.0059873
263	26400	0.0059873
264	26500	0.0059873
265	26600	0.0059873
266	26700	0.0059873
267	26800	0.0059873
268	26900	0.0059873
269	27000	0.0059873
270	27100	0.0059873
271	27200	0.0059873
272	27300	0.0059873
273	27400	0.0059873
274	27500	0.0059873
275	27600	0.0059873
276	27700	0.0059873
277	27800	0.0059873
278	27900	0.0059873
279	28000	0.0059873
280	28100	0.0059873
281	28200	0.0059873
282	28300	0.0059873
283	28400	0.0059873
284	28500	0.0059873
285	28600	0.0059873
286	28700	0.0059873
287	28800	0.0059873
288	28900	0.0059873
289	29000	0.0059873
290	29100	0.0059873
291	29200	0.0059873
292	29300	0.0059873
293	29400	0.0059873
294	29500	0.0059873
295	29600	0.0059873
296	29700	0.0059873
297	29800	0.0059873
298	29900	0.0059873
299	30000	0.0059873
300	30100	0.0059873
301	30200	0.0059873
302	30300	0.0059873
303	30400	0.0059873
304	30500	0.0059873
305	30600	0.0059873
306	30700	0.00598728
307	30800	0.00598728
308	30900	0.00598728
309	31000	0.00598728
310	31100	0.00598728
311	31200	0.00598728
312	31300	0.00513823
313	31400	0.00513823
314	31500	0.00513823
315	31600	0.00513823
316	31700	0.00513823
317	31800	0.00513823
318	31900	0.00513823
319	32000	0.00513823
320	32100	0.00513823
321	32200	0.00513823
322	32300	0.00513823
323	32400	0.00513823
324	32500	0.00513823
325	32600	0.00513823
326	32700	0.00513823
327	32800	0.00509054
328	32900	0.00509054
329	33000	0.00509054
330	33100	0.00509054
331	33200	0.00509054
332	33300	0.00509054
333	33400	0.00509054
334	33500	0.00489453
335	33600	0.00489453
336	33700	0.00489453
337	33800	0.00489453
338	33900	0.00489453
339	34000	0.00489453
340	34100	0.00489453
341	34200	0.00489453
342	34300	0.00489453
343	34400	0.00489453
344	34500	0.00489453
345	34600	0.00489453
346	34700	0.00489453
347	34800	0.00489453
348	34900	0.00489453
349	35000	0.00489453
350	35100	0.00489453
351	35200	0.00489453
352	35300	0.00489453
353	35400	0.00489453
354	35500	0.00476134
355	35600	0.00476134
356	35700	0.00476134
357	35800	0.00476134
358	35900	0.00476134
359	36000	0.00476134
360	36100	0.00476134
361	36200	0.00476134
362	36300	0.00476134
363	36400	0.00476134
364	36500	0.00476134
365	36600	0.00476134
366	36700	0.00476134
367	36800	0.00476134
368	36900	0.00476134
369	37000	0.00476134
370	37100	0.00476134
371	37200	0.00476134
372	37300	0.00476134
373	37400	0.00476134
374	37500	0.00476134
375	37600	0.00476134
376	37700	0.00476134
377	37800	0.00476134
378	37900	0.00476134
379	38000	0.00476134
380	38100	0.00476134
381	38200	0.00476134
382	38300	0.00476134
383	38400	0.00476134
384	38500	0.00476134
385	38600	0.00476134
386	38700	0.00476134
387	38800	0.00476134
388	38900	0.00476134
389	39000	0.00476134
390	39100	0.00476134
391	39200	0.00476134
392	39300	0.00476134
393	39400	0.00476134
394	39500	0.00476134
395	39600	0.00476134
396	39700	0.00476134
397	39800	0.00476134
398	39900	0.00476134
399	40000	0.00476134
400	40100	0.00476134
401	40200	0.00412482
402	40300	0.00412482
403	40400	0.00412482
404	40500	0.00412482
405	40600	0.00412482
406	40700	0.00412482
407	40800	0.00412482
408	40900	0.00412482
409	41000	0.00412482
410	41100	0.00412482
411	41200	0.00412482
412	41300	0.00412482
413	41400	0.00412482
414	41500	0.00412482
415	41600	0.00412482
416	41700	0.00412482
417	41800	0.00412482
418	41900	0.00412482
419	42000	0.00412482
420	42100	0.00412482
421	42200	0.00412482
422	42300	0.00412482
423	42400	0.00412482
424	42500	0.00412482
425	42600	0.00412482
426	42700	0.00412482
427	42800	0.00382072
428	42900	0.00382072
429	43000	0.00382072
430	43100	0.00382072
431	43200	0.00382072
432	43300	0.00382072
433	43400	0.00382072
434	43500	0.00382072
435	43600	0.00382072
436	43700	0.00382072
437	43800	0.00382072
438	43900	0.00382072
439	44000	0.00382072
440	44100	0.00382072
441	44200	0.00382072
442	44300	0.00382072
443	44400	0.00382072
444	44500	0.00382072
445	44600	0.00382072
446	44700	0.00382072
447	44800	0.00382072
448	44900	0.00382072
449	45000	0.00382072
450	45100	0.00380279
451	45200	0.00380279
452	45300	0.00380279
453	45400	0.00380279
454	45500	0.00380279
455	45600	0.00380279
456	45700	0.00380279
457	45800	0.00380279
458	45900	0.00380279
459	46000	0.00380279
460	46100	0.00380279
461	46200	0.00380279
462	46300	0.00380279
463	46400	0.00380279
464	46500	0.00380279
465	46600	0.00380279
466	46700	0.00380279
467	46800	0.00380279
468	46900	0.00380279
469	47000	0.00380279
470	47100	0.00380279
471	47200	0.00380279
472	47300	0.00380279
473	47400	0.00380279
474	47500	0.00380279
475	47600	0.00380279
476	47700	0.00380279
477	47800	0.00380279
478	47900	0.00380279
479	48000	0.00380279
480	48100	0.00380279
481	48200	0.00380279
482	48300	0.00380279
483	48400	0.00380279
484	48500	0.00380279
485	48600	0.00380279
486	48700	0.00380279
487	48800	0.00380279
488	48900	0.00380279
489	49000	0.00380279
490	49100	0.00380279
491	49200	0.00380279
492	49300	0.00380279
493	49400	0.00380279
494	49500	0.00380279
495	49600	0.00380279
496	49700	0.00380279
497	49800	0.00380279
498	49900	0.00380279
499	50000	0.00380279
500	50100	0.00380279
501	50200	0.00380279
502	50300	0.00380279
503	50400	0.00380279
504	50500	0.00380279
505	50600	0.00380279
506	50700	0.00380279
507	50800	0.00380279
508	50900	0.00380279
509	51000	0.00380279
510	51100	0.00380279
511	51200	0.00380279
512	51300	0.00380279
513	51400	0.00380279
514	51500	0.00380279
515	51600	0.00380279
516	51700	0.00380279
517	51800	0.00380279
518	51900	0.00380279
519	52000	0.00380279
520	52100	0.00380279
521	52200	0.00380279
522	52300	0.00380279
523	52400	0.00380279
524	52500	0.00370666
525	52600	0.00370666
526	52700	0.00339516
527	52800	0.00339516
528	52900	0.00339516
529	53000	0.00339516
530	53100	0.00339516
531	53200	0.00339516
532	53300	0.00339516
533	53400	0.00339516
534	53500	0.00339516
535	53600	0.00339516
536	53700	0.00339516
537	53800	0.00339516
538	53900	0.00339516
539	54000	0.00339516
540	54100	0.00339516
541	54200	0.00339516
542	54300	0.00339516
543	54400	0.00339516
544	54500	0.00339516
545	54600	0.00339516
546	54700	0.00339516
547	54800	0.00339516
548	54900	0.00339516
549	55000	0.00339516
550	55100	0.00339516
551	55200	0.00339516
552	55300	0.00339516
553	55400	0.00339516
554	55500	0.00339516
555	55600	0.00339516
556	55700	0.00339516
557	55800	0.00339516
558	55900	0.00339516
559	56000	0.00339516
560	56100	0.00339516
561	56200	0.00339516
562	56300	0.00339516
563	56400	0.00339516
564	56500	0.00339516
565	56600	0.00339516
566	56700	0.00339516
567	56800	0.00339516
568	56900	0.00339516
569	57000	0.00339516
570	57100	0.00339516
571	57200	0.00339516
572	57300	0.00339516
573	57400	0.00339516
574	57500	0.00339516
575	57600	0.00339516
576	57700	0.00339516
577	57800	0.00339516
578	57900	0.00339516
579	58000	0.00339516
580	58100	0.00339516
581	58200	0.00339516
582	58300	0.00339516
583	58400	0.00339516
584	58500	0.00339516
585	58600	0.00339516
586	58700	0.00339516
587	58800	0.00339516
588	58900	0.00339516
589	59000	0.00339516
590	59100	0.00339516
591	59200	0.00339516
592	59300	0.00339516
593	59400	0.00339516
594	59500	0.00339516
595	59600	0.00339516
596	59700	0.00339516
597	59800	0.00339516
598	59900	0.00339516
599	60000	0.00339516
600	60100	0.00339516
601	60200	0.00339516
602	60300	0.00339516
603	60400	0.00339516
604	60500	0.00339516
605	60600	0.00339516
606	60700	0.00339516
607	60800	0.00339516
608	60900	0.00339516
609	61000	0.00339516
610	61100	0.00339516
611	61200	0.00339516
612	61300	0.00339516
613	61400	0.00339516
614	61500	0.00339516
615	61600	0.00339516
616	61700	0.00339516
617	61800	0.00339516
618	61900	0.00339516
619	62000	0.00339516
620	62100	0.00339516
621	62200	0.00339516
622	62300	0.00339516
623	62400	0.00339516
624	62500	0.00339516
625	62600	0.00339516
626	62700	0.00339516
627	62800	0.00339516
628	62900	0.00339516
629	63000	0.00339516
630	63100	0.00339516
631	63200	0.00339516
632	63300	0.00339516
633	63400	0.00339516
634	63500	0.0025626
635	63600	0.0025626
636	63700	0.0025626
637	63800	0.0025626
638	63900	0.0025626
639	64000	0.0025626
640	64100	0.0025626
641	64200	0.0025626
642	64300	0.0025626
643	64400	0.0025626
644	64500	0.0025626
645	64600	0.0025626
646	64700	0.0025626
647	64800	0.0025626
648	64900	0.0025626
649	65000	0.0025626
650	65100	0.0025626
651	65200	0.0025626
652	65300	0.0025626
653	65400	0.0025626
654	65500	0.00255712
655	65600	0.00255712
656	65700	0.00255712
657	65800	0.00255712
658	65900	0.00255712
659	66000	0.00255712
660	66100	0.00255712
661	66200	0.00255712
662	66300	0.00255712
663	66400	0.00255712
664	66500	0.00255712
665	66600	0.00255712
666	66700	0.00255712
667	66800	0.00255712
668	66900	0.00255712
669	67000	0.00255712
670	67100	0.00255712
671	67200	0.00255712
672	67300	0.00255712
673	67400	0.00255712
674	67500	0.00255712
675	67600	0.00255712
676	67700	0.00255712
677	67800	0.00255712
678	67900	0.00255712
679	68000	0.00255712
680	68100	0.00255712
681	68200	0.00255712
682	68300	0.00255712
683	68400	0.00255712
684	68500	0.00255712
685	68600	0.00255712
686	68700	0.00255712
687	68800	0.00255712
688	68900	0.00255712
689	69000	0.00250449
690	69100	0.00250449
691	69200	0.00250449
692	69300	0.00250449
693	69400	0.00250449
694	69500	0.00250449
695	69600	0.00250449
696	69700	0.00250449
697	69800	0.00250449
698	69900	0.00250449
699	70000	0.00250449
700	70100	0.00250449
701	70200	0.00250449
702	70300	0.00250449
703	70400	0.00250449
704	70500	0.00250449
705	70600	0.00250449
706	70700	0.00250449
707	70800	0.00250449
708	70900	0.00250449
709	71000	0.00250449
710	71100	0.00250449
711	71200	0.00250449
712	71300	0.00250449
713	71400	0.00250358
714	71500	0.00250358
715	71600	0.00250358
716	71700	0.00250358
717	71800	0.00250358
718	71900	0.00250358
719	72000	0.00250358
720	72100	0.00250358
721	72200	0.00250358
722	72300	0.00250358
723	72400	0.00250358
724	72500	0.00250358
725	72600	0.00250358
726	72700	0.00250358
727	72800	0.00250358
728	72900	0.00250358
729	73000	0.00250358
730	73100	0.00250358
731	73200	0.00250358
732	73300	0.00250358
733	73400	0.00250358
734	73500	0.00250358
735	73600	0.00250358
736	73700	0.00250358
737	73800	0.00250358
738	73900	0.00250358
739	74000	0.00250358
740	74100	0.00250358
741	74200	0.00250358
742	74300	0.00250358
743	74400	0.00250358
744	74500	0.00250358
745	74600	0.00250358
746	74700	0.00250358
747	74800	0.00250358
748	74900	0.00250358
749	75000	0.00250358
750	75100	0.00250358
751	75200	0.00250358
752	75300	0.00250358
753	75400	0.00250358
754	75500	0.00250358
755	75600	0.00250358
756	75700	0.00250358
757	75800	0.00250358
758	75900	0.00250358
759	76000	0.00250358
760	76100	0.00250358
761	76200	0.00250358
762	76300	0.00250358
763	76400	0.00250358
764	76500	0.00235408
765	76600	0.00235408
766	76700	0.00235408
767	76800	0.00235408
768	76900	0.00235408
769	77000	0.00235408
770	77100	0.00235408
771	77200	0.00235408
772	77300	0.00230063
773	77400	0.00230063
774	77500	0.00230063
775	77600	0.00230063
776	77700	0.00222326
777	77800	0.00222326
778	77900	0.00222326
779	78000	0.00222326
780	78100	0.00222326
781	78200	0.00222326
782	78300	0.00222326
783	78400	0.00222326
784	78500	0.00222326
785	78600	0.00222326
786	78700	0.00222326
787	78800	0.00222326
788	78900	0.00222326
789	79000	0.00222326
790	79100	0.00222326
791	79200	0.00222326
792	79300	0.00222326
793	79400	0.00222326
794	79500	0.00222326
795	79600	0.00222326
796	79700	0.00222326
797	79800	0.00222326
798	79900	0.00222326
799	80000	0.00222326
800	80100	0.00222326
801	80200	0.00222326
802	80300	0.00222326
803	80400	0.00222326
804	80500	0.00222326
805	80600	0.00222326
806	80700	0.00222326
807	80800	0.00222326
808	80900	0.00222326
809	81000	0.00222326
810	81100	0.00222326
811	81200	0.00222326
812	81300	0.00222326
813	81400	0.00222326
814	81500	0.00222326
815	81600	0.00222326
816	81700	0.00222326
817	81800	0.00222326
818	81900	0.00222326
819	82000	0.00222326
820	82100	0.00222326
821	82200	0.00222326
822	82300	0.00222326
823	82400	0.00222326
824	82500	0.00222326
825	82600	0.00222326
826	82700	0.00222326
827	82800	0.00222326
828	82900	0.00222326
829	83000	0.00222326
830	83100	0.00222326
831	83200	0.00222326
832	83300	0.00222326
833	83400	0.00222326
834	83500	0.00222326
835	83600	0.00222326
836	83700	0.00222326
837	83800	0.00222326
838	83900	0.00222326
839	84000	0.00222326
840	84100	0.00222326
841	84200	0.00222326
842	84300	0.00222326
843	84400	0.00222326
844	84500	0.00222326
845	84600	0.00222326
846	84700	0.00222326
847	84800	0.00222326
848	84900	0.00222326
849	85000	0.00222326
850	85100	0.00222326
851	85200	0.00222326
852	85300	0.00222326
853	85400	0.00222326
854	85500	0.00222326
855	85600	0.00222326
856	85700	0.00222326
857	85800	0.00222326
858	85900	0.00222326
859	86000	0.00222326
860	86100	0.00222326
861	86200	0.00222326
862	86300	0.00222326
863	86400	0.00222326
864	86500	0.00222326
865	86600	0.00222326
866	86700	0.00222326
867	86800	0.00222326
868	86900	0.00222326
869	87000	0.00222326
870	87100	0.00222326
871	87200	0.00222326
872	87300	0.00222326
873	87400	0.00222326
874	87500	0.00222326
875	87600	0.00222326
876	87700	0.00222326
877	87800	0.00222326
878	87900	0.00222326
879	88000	0.00222326
880	88100	0.00222326
881	88200	0.00222326
882	88300	0.00222326
883	88400	0.00222326
884	88500	0.00222326
885	88600	0.00222326
886	88700	0.00222326
887	88800	0.00222326
888	88900	0.00222326
889	89000	0.00222326
890	89100	0.00222326
891	89200	0.00222326
892	89300	0.00222326
893	89400	0.00222326
894	89500	0.00222326
895	89600	0.00222326
896	89700	0.00222326
897	89800	0.00222326
898	89900	0.00222326
899	90000	0.00222326
900	90100	0.00222326
901	90200	0.00222326
902	90300	0.00222326
903	90400	0.00222326
904	90500	0.00222326
905	90600	0.00222326
906	90700	0.00222326
907	90800	0.00222326
908	90900	0.00222326
909	91000	0.00222326
910	91100	0.00222326
911	91200	0.00222326
912	91300	0.00222326
913	91400	0.00222326
914	91500	0.00222326
915	91600	0.00222326
916	91700	0.00222326
917	91800	0.00222326
918	91900	0.00222326
919	92000	0.00222326
920	92100	0.00222326
921	92200	0.00222326
922	92300	0.00222326
923	92400	0.00222326
924	92500	0.00204006
925	92600	0.00204006
926	92700	0.00204006
927	92800	0.00204006
928	92900	0.00204006
929	93000	0.00204006
930	93100	0.00204006
931	93200	0.00204006
932	93300	0.00204006
933	93400	0.00204006
934	93500	0.00204006
935	93600	0.00204006
936	93700	0.00204006
937	93800	0.00204006
938	93900	0.00204006
939	94000	0.00204006
940	94100	0.00204006
941	94200	0.00204006
942	94300	0.00204006
943	94400	0.00204006
944	94500	0.00204006
945	94600	0.00203097
946	94700	0.00203097
947	94800	0.00203097
948	94900	0.00203097
949	95000	0.00203097
950	95100	0.00203097
951	95200	0.00203097
952	95300	0.00203097
953	95400	0.00203097
954	95500	0.00203097
955	95600	0.00203097
956	95700	0.00203097
957	95800	0.00203097
958	95900	0.00203097
959	96000	0.00203097
960	96100	0.00203097
961	96200	0.00203097
962	96300	0.00203097
963	96400	0.00203097
964	96500	0.00203097
965	96600	0.00203097
966	96700	0.0020268
967	96800	0.0020268
968	96900	0.0020268
969	97000	0.0020268
970	97100	0.0020268
971	97200	0.0020268
972	97300	0.0020268
973	97400	0.0020268
974	97500	0.0020268
975	97600	0.0020268
976	97700	0.0020268
977	97800	0.0020268
978	97900	0.0020268
979	98000	0.0020268
980	98100	0.0020268
981	98200	0.0020268
982	98300	0.0020268
983	98400	0.0020268
984	98500	0.0020268
985	98600	0.0020268
986	98700	0.0020268
987	98800	0.0020268
988	98900	0.0020268
989	99000	0.0020268
990	99100	0.0020268
991	99200	0.0020268
992	99300	0.0020268
993	99400	0.0020268
994	99500	0.0020268
995	99600	0.0020268
996	99700	0.0020268
997	99800	0.0020268
998	99900	0.0020268
999	100000	0.0020268
1000	100100	0.0020268
