0	50	398.026
1	150	398.026
2	250	398.026
3	350	398.026
4	450	398.026
5	550	353.496
6	650	145.229
7	750	145.229
8	850	145.229
9	950	145.229
10	1050	145.229
11	1150	115.612
12	1250	115.612
13	1350	115.612
14	1450	115.612
15	1550	115.612
16	1650	115.612
17	1750	115.612
18	1850	56.51
19	1950	54.6116
20	2050	54.6116
21	2150	54.6116
22	2250	54.6116
23	2350	54.6116
24	2450	54.6116
25	2550	54.6116
26	2650	54.6116
27	2750	54.6116
28	2850	54.6116
29	2950	47.1729
30	3050	47.1729
31	3150	47.1729
32	3250	47.1729
33	3350	23.9395
34	3450	23.9395
35	3550	21.6344
36	3650	20.3126
37	3750	20.3126
38	3850	18.9051
39	3950	18.9051
40	4050	18.9051
41	4150	14.3073
42	4250	14.3073
43	4350	14.3073
44	4450	14.0894
45	4550	14.0894
46	4650	14.0894
47	4750	13.1232
48	4850	13.1232
49	4950	7.02616
50	5050	7.02616
51	5150	5.82285
52	5250	5.82285
53	5350	5.66377
54	5450	4.80403
55	5550	4.80403
56	5650	4.80403
57	5750	4.80403
58	5850	4.80403
59	5950	4.80403
60	6050	4.80403
61	6150	4.80403
62	6250	4.80403
63	6350	4.80403
64	6450	4.80403
65	6550	4.80403
66	6650	4.80403
67	6750	3.65203
68	6850	3.56626
69	6950	1.84943
70	7050	1.60395
71	7150	1.60395
72	7250	0.737787
73	7350	0.737787
74	7450	0.737787
75	7550	0.737787
76	7650	0.737787
77	7750	0.737787
78	7850	0.737787
79	7950	0.737787
80	8050	0.737787
81	8150	0.647289
82	8250	0.552054
83	8350	0.552054
84	8450	0.552054
85	8550	0.552054
86	8650	0.552054
87	8750	0.552054
88	8850	0.552054
89	8950	0.552054
90	9050	0.552054
91	9150	0.552054
92	9250	0.552054
93	9350	0.528139
94	9450	0.528139
95	9550	0.490577
96	9650	0.455634
97	9750	0.386914
98	9850	0.386914
99	9950	0.369998
100	10050	0.369998
101	10150	0.333378
102	10250	0.333378
103	10350	0.306852
104	10450	0.306852
105	10550	0.251455
106	10650	0.251455
107	10750	0.251455
108	10850	0.251455
109	10950	0.195827
110	11050	0.195827
111	11150	0.152463
112	11250	0.152463
113	11350	0.152463
114	11450	0.116442
115	11550	0.106399
116	11650	0.0671807
117	11750	0.0671807
118	11850	0.0671807
119	11950	0.0671807
120	12050	0.0536627
121	12150	0.0536627
122	12250	0.0462256
123	12350	0.0462256
124	12450	0.0462256
125	12550	0.0462256
126	12650	0.0462256
127	12750	0.0462256
128	12850	0.0462256
129	12950	0.0462256
130	13050	0.0462256
131	13150	0.0462256
132	13250	0.0360823
133	13350	0.0360823
134	13450	0.0360823
135	13550	0.0289389
136	13650	0.0289389
137	13750	0.0289389
138	13850	0.0289389
139	13950	0.0289389
140	14050	0.0102929
141	14150	0.0102929
142	14250	0.00896081
143	14350	0.00896081
144	14450	0.00879802
145	14550	0.00879802
146	14650	0.00788218
147	14750	0.00788218
148	14850	0.00788218
149	14950	0.00553748
150	15050	0.00553748
151	15150	0.00553748
152	15250	0.00553748
153	15350	0.00553748
154	15450	0.00553748
155	15550	0.00480648
156	15650	0.00480648
157	15750	0.00480648
158	15850	0.00480648
159	15950	0.00444667
160	16050	0.00442982
161	16150	0.00375627
162	16250	0.0026754
163	16350	0.0026754
164	16450	0.0026754
165	16550	0.0026754
166	16650	0.0026754
167	16750	0.00260165
168	16850	0.00260165
169	16950	0.00215861
170	17050	0.00215861
171	17150	0.00198417
172	17250	0.00198417
173	17350	0.0015944
174	17450	0.0015944
175	17550	0.0015944
176	17650	0.0015944
177	17750	0.00136114
178	17850	0.00136114
179	17950	0.00082026
180	18050	0.00082026
181	18150	0.000722491
182	18250	0.000722491
183	18350	0.000722491
184	18450	0.000722491
185	18550	0.000722491
186	18650	0.000722491
187	18750	0.000722491
188	18850	0.000722491
189	18950	0.000611978
190	19050	0.000572739
191	19150	0.000572739
192	19250	0.000572739
193	19350	0.000461234
194	19450	0.000461234
195	19550	0.000315802
196	19650	0.000315802
197	19750	0.000315802
198	19850	0.000315802
199	19950	0.000315802
200	20050	0.000266983
201	20150	0.000266983
202	20250	0.000234149
203	20350	0.000234149
204	20450	0.000234149
205	20550	0.000202051
206	20650	0.000118965
207	20750	0.000118965
208	20850	0.000118965
209	20950	0.000118965
210	21050	0.000118965
211	21150	0.000118965
212	21250	0.000118965
213	21350	0.000118965
214	21450	0.000118229
215	21550	0.000111672
216	21650	0.000107201
217	21750	7.18339e-05
218	21850	6.32059e-05
219	21950	6.32059e-05
220	22050	6.32059e-05
221	22150	6.32059e-05
222	22250	6.32059e-05
223	22350	6.32059e-05
224	22450	6.32059e-05
225	22550	4.10147e-05
226	22650	3.703e-05
227	22750	3.703e-05
228	22850	3.703e-05
229	22950	2.96075e-05
230	23050	2.18321e-05
231	23150	2.18321e-05
232	23250	2.18321e-05
233	23350	2.1642e-05
234	23450	2.1642e-05
235	23550	2.1642e-05
236	23650	1.50086e-05
237	23750	1.16916e-05
238	23850	1.16916e-05
239	23950	1.16389e-05
240	24050	1.16389e-05
241	24150	8.95379e-06
242	24250	8.95379e-06
243	24350	7.2151e-06
244	24450	7.2151e-06
245	24550	7.2151e-06
246	24650	7.2151e-06
247	24750	7.2151e-06
248	24850	7.2151e-06
249	24950	7.2151e-06
250	25050	5.7462e-06
251	25150	5.7462e-06
252	25250	5.7462e-06
253	25350	5.7462e-06
254	25450	5.19516e-06
255	25550	5.19516e-06
256	25650	3.38683e-06
257	25750	3.38683e-06
258	25850	3.38683e-06
259	25950	3.20376e-06
260	26050	3.20376e-06
261	26150	3.19536e-06
262	26250	3.19536e-06
263	26350	3.19536e-06
264	26450	2.04605e-06
265	26550	2.04605e-06
266	26650	2.04605e-06
267	26750	2.04605e-06
268	26850	2.04605e-06
269	26950	2.04605e-06
270	27050	1.81788e-06
271	27150	1.81788e-06
272	27250	1.81788e-06
273	27350	1.48002e-06
274	27450	1.48002e-06
275	27550	1.48002e-06
276	27650	1.48002e-06
277	27750	1.48002e-06
278	27850	1.37129e-06
279	27950	1.22125e-06
280	28050	1.22125e-06
281	28150	1.22125e-06
282	28250	1.22125e-06
283	28350	1.22125e-06
284	28450	1.0202e-06
285	28550	9.50103e-07
286	28650	9.50103e-07
287	28750	3.30579e-07
288	28850	3.30579e-07
289	28950	3.30579e-07
290	29050	3.30579e-07
291	29150	3.30579e-07
292	29250	3.30579e-07
293	29350	3.30579e-07
294	29450	3.30579e-07
295	29550	3.30579e-07
296	29650	3.30579e-07
297	29750	3.30579e-07
298	29850	2.47299e-07
299	29950	2.47299e-07
300	30050	2.47299e-07
301	30150	2.3753e-07
302	30250	2.3753e-07
303	30350	1.65057e-07
304	30450	1.65057e-07
305	30550	1.43108e-07
306	30650	1.43108e-07
307	30750	1.04646e-07
308	30850	1.04646e-07
309	30950	1.04646e-07
310	31050	1.04646e-07
311	31150	1.04646e-07
312	31250	1.04646e-07
313	31350	9.71497e-08
314	31450	9.71131e-08
315	31550	9.71131e-08
316	31650	9.71131e-08
317	31750	9.13604e-08
318	31850	5.37946e-08
319	31950	5.37946e-08
320	32050	2.79466e-08
321	32150	2.79466e-08
322	32250	2.79466e-08
323	32350	2.79466e-08
324	32450	2.79466e-08
325	32550	2.6821e-08
326	32650	2.6821e-08
327	32750	2.6821e-08
328	32850	2.6821e-08
329	32950	2.6821e-08
330	33050	2.6821e-08
331	33150	2.1872e-08
332	33250	2.15646e-08
333	33350	1.67466e-08
334	33450	1.67466e-08
335	33550	1.38805e-08
336	33650	1.38805e-08
337	33750	9.24601e-09
338	33850	9.24601e-09
339	33950	7.8254e-09
340	34050	6.55475e-09
341	34150	6.55475e-09
342	34250	5.25715e-09
343	34350	5.25715e-09
344	34450	5.25715e-09
345	34550	5.25715e-09
346	34650	5.25715e-09
347	34750	5.25715e-09
348	34850	4.65763e-09
349	34950	4.44574e-09
350	35050	3.69537e-09
351	35150	3.53095e-09
352	35250	2.95798e-09
353	35350	2.63726e-09
354	35450	2.63726e-09
355	35550	2.63726e-09
356	35650	2.63726e-09
357	35750	2.49805e-09
358	35850	2.49805e-09
359	35950	2.49805e-09
360	36050	2.49805e-09
361	36150	2.40093e-09
362	36250	2.40093e-09
363	36350	2.01639e-09
364	36450	1.74584e-09
365	36550	1.74584e-09
366	36650	8.96767e-10
367	36750	8.96767e-10
368	36850	8.96767e-10
369	36950	8.96767e-10
370	37050	8.96767e-10
371	37150	8.96767e-10
372	37250	7.34813e-10
373	37350	7.34813e-10
374	37450	7.34813e-10
375	37550	6.82171e-10
376	37650	6.82171e-10
377	37750	6.82171e-10
378	37850	6.20494e-10
379	37950	6.20494e-10
380	38050	6.20494e-10
381	38150	4.38585e-10
382	38250	4.38585e-10
383	38350	4.38585e-10
384	38450	3.36159e-10
385	38550	3.36159e-10
386	38650	3.36159e-10
387	38750	3.36159e-10
388	38850	3.25811e-10
389	38950	3.13209e-10
390	39050	2.66433e-10
391	39150	2.17707e-10
392	39250	2.17707e-10
393	39350	2.17707e-10
394	39450	1.96231e-10
395	39550	1.65974e-10
396	39650	1.65974e-10
397	39750	7.51791e-11
398	39850	7.51791e-11
399	39950	7.51791e-11
400	40050	7.51791e-11
401	40150	7.51791e-11
402	40250	7.51791e-11
403	40350	7.51791e-11
404	40450	7.20209e-11
405	40550	6.20733e-11
406	40650	6.2024e-11
407	40750	6.2024e-11
408	40850	6.2024e-11
409	40950	5.90534e-11
410	41050	5.90534e-11
411	41150	4.64729e-11
412	41250	4.64729e-11
413	41350	4.64729e-11
414	41450	4.04162e-11
415	41550	4.04162e-11
416	41650	4.04162e-11
417	41750	4.04162e-11
418	41850	4.04162e-11
419	41950	3.375e-11
420	42050	3.375e-11
421	42150	1.92417e-11
422	42250	1.92417e-11
423	42350	1.92417e-11
424	42450	1.64968e-11
425	42550	1.57574e-11
426	42650	1.52462e-11
427	42750	1.21818e-11
428	42850	1.20265e-11
429	42950	1.20265e-11
430	43050	1.20265e-11
431	43150	1.20265e-11
432	43250	1.20265e-11
433	43350	1.20265e-11
434	43450	1.20265e-11
435	43550	1.20265e-11
436	43650	1.19116e-11
437	43750	1.19116e-11
438	43850	1.19116e-11
439	43950	8.15544e-12
440	44050	7.34144e-12
441	44150	7.34144e-12
442	44250	5.03587e-12
443	44350	5.03587e-12
444	44450	5.03587e-12
445	44550	4.20284e-12
446	44650	4.20284e-12
447	44750	4.07565e-12
448	44850	4.07565e-12
449	44950	4.07565e-12
450	45050	4.0126e-12
451	45150	3.41644e-12
452	45250	3.41644e-12
453	45350	3.06193e-12
454	45450	1.7985e-12
455	45550	1.7985e-12
456	45650	1.7166e-12
457	45750	1.7166e-12
458	45850	1.38586e-12
459	45950	1.38586e-12
460	46050	1.38586e-12
461	46150	1.38586e-12
462	46250	1.27333e-12
463	46350	9.56761e-13
464	46450	9.56761e-13
465	46550	9.56761e-13
466	46650	8.91888e-13
467	46750	4.89679e-13
468	46850	4.89679e-13
469	46950	4.89679e-13
470	47050	3.93997e-13
471	47150	3.93997e-13
472	47250	3.93997e-13
473	47350	3.93997e-13
474	47450	3.93997e-13
475	47550	3.93997e-13
476	47650	3.63277e-13
477	47750	3.63277e-13
478	47850	2.49689e-13
479	47950	2.49689e-13
480	48050	2.49689e-13
481	48150	2.47166e-13
482	48250	2.47166e-13
483	48350	2.47166e-13
484	48450	2.47166e-13
485	48550	1.91542e-13
486	48650	1.91542e-13
487	48750	1.77057e-13
488	48850	1.77057e-13
489	48950	1.77057e-13
490	49050	1.71639e-13
491	49150	1.09855e-13
492	49250	1.09855e-13
493	49350	1.00002e-13
494	49450	1.00002e-13
495	49550	1.00002e-13
496	49650	9.87601e-14
497	49750	9.87601e-14
498	49850	8.59226e-14
499	49950	8.59226e-14
500	50050	8.07564e-14
501	50150	4.14654e-14
502	50250	4.14654e-14
503	50350	4.14654e-14
504	50450	4.14654e-14
505	50550	3.64668e-14
506	50650	3.64668e-14
507	50750	3.64668e-14
508	50850	3.64668e-14
509	50950	3.64668e-14
510	51050	3.64668e-14
511	51150	3.30211e-14
512	51250	3.30211e-14
513	51350	2.29031e-14
514	51450	2.29031e-14
515	51550	2.29031e-14
516	51650	1.99582e-14
517	51750	1.40425e-14
518	51850	1.34357e-14
519	51950	1.34357e-14
520	52050	1.31146e-14
521	52150	1.31146e-14
522	52250	1.31146e-14
523	52350	1.2777e-14
524	52450	1.2777e-14
525	52550	1.2777e-14
526	52650	1.11172e-14
527	52750	1.11172e-14
528	52850	9.79949e-15
529	52950	9.79949e-15
530	53050	8.20897e-15
531	53150	8.20897e-15
532	53250	6.18901e-15
533	53350	5.63562e-15
534	53450	5.63562e-15
535	53550	5.63562e-15
536	53650	5.40857e-15
537	53750	5.40857e-15
538	53850	4.6701e-15
539	53950	4.6701e-15
540	54050	2.86467e-15
541	54150	2.86467e-15
542	54250	2.86467e-15
543	54350	2.86467e-15
544	54450	1.37047e-15
545	54550	1.37047e-15
546	54650	1.37047e-15
547	54750	1.37047e-15
548	54850	1.37047e-15
549	54950	1.37047e-15
550	55050	1.37047e-15
551	55150	1.37047e-15
552	55250	1.28669e-15
553	55350	6.76166e-16
554	55450	6.76166e-16
555	55550	6.76166e-16
556	55650	6.19915e-16
557	55750	6.19915e-16
558	55850	6.19915e-16
559	55950	5.59956e-16
560	56050	5.56026e-16
561	56150	4.34667e-16
562	56250	4.34667e-16
563	56350	4.34667e-16
564	56450	4.34667e-16
565	56550	4.24908e-16
566	56650	4.24908e-16
567	56750	3.3563e-16
568	56850	3.3563e-16
569	56950	2.83174e-16
570	57050	2.83174e-16
571	57150	2.83174e-16
572	57250	1.62335e-16
573	57350	1.2776e-16
574	57450	1.2776e-16
575	57550	1.2776e-16
576	57650	1.2776e-16
577	57750	1.2776e-16
578	57850	1.16537e-16
579	57950	1.16537e-16
580	58050	1.13283e-16
581	58150	1.13283e-16
582	58250	1.13283e-16
583	58350	9.38419e-17
584	58450	9.38419e-17
585	58550	9.22071e-17
586	58650	9.22071e-17
587	58750	7.35203e-17
588	58850	7.35203e-17
589	58950	7.35203e-17
590	59050	7.35203e-17
591	59150	5.77844e-17
592	59250	5.57871e-17
593	59350	4.18654e-17
594	59450	3.38037e-17
595	59550	3.38037e-17
596	59650	2.26305e-17
597	59750	2.26305e-17
598	59850	2.26305e-17
599	59950	2.26305e-17
600	60050	1.6952e-17
601	60150	1.6952e-17
602	60250	1.6952e-17
603	60350	1.6952e-17
604	60450	1.6952e-17
605	60550	1.6952e-17
606	60650	1.56859e-17
607	60750	6.89791e-18
608	60850	6.89791e-18
609	60950	6.89791e-18
610	61050	6.89791e-18
611	61150	6.89791e-18
612	61250	6.89791e-18
613	61350	6.89791e-18
614	61450	5.09288e-18
615	61550	4.13584e-18
616	61650	4.13584e-18
617	61750	4.13584e-18
618	61850	4.13584e-18
619	61950	4.13584e-18
620	62050	4.13584e-18
621	62150	3.52789e-18
622	62250	3.52789e-18
623	62350	2.54395e-18
624	62450	2.46024e-18
625	62550	2.46024e-18
626	62650	2.46024e-18
627	62750	2.46024e-18
628	62850	2.24564e-18
629	62950	2.24564e-18
630	63050	1.86179e-18
631	63150	1.86179e-18
632	63250	1.32965e-18
633	63350	1.32965e-18
634	63450	1.32965e-18
635	63550	1.32965e-18
636	63650	1.32965e-18
637	63750	1.32965e-18
638	63850	1.16759e-18
639	63950	1.16759e-18
640	64050	1.16759e-18
641	64150	1.15721e-18
642	64250	9.28961e-19
643	64350	8.79682e-19
644	64450	6.63112e-19
645	64550	6.63112e-19
646	64650	5.59758e-19
647	64750	5.59758e-19
648	64850	5.59758e-19
649	64950	5.59758e-19
650	65050	4.05488e-19
651	65150	4.05488e-19
652	65250	4.05488e-19
653	65350	4.05488e-19
654	65450	3.7685e-19
655	65550	3.6169e-19
656	65650	3.52799e-19
657	65750	2.86722e-19
658	65850	2.4999e-19
659	65950	1.7544e-19
660	66050	1.7544e-19
661	66150	1.73241e-19
662	66250	1.73241e-19
663	66350	1.73241e-19
664	66450	1.73241e-19
665	66550	1.73241e-19
666	66650	1.73241e-19
667	66750	6.42881e-20
668	66850	6.42881e-20
669	66950	6.42881e-20
670	67050	6.42881e-20
671	67150	6.42881e-20
672	67250	6.42881e-20
673	67350	6.42881e-20
674	67450	6.42881e-20
675	67550	6.05664e-20
676	67650	4.99131e-20
677	67750	4.90401e-20
678	67850	4.90401e-20
679	67950	4.90401e-20
680	68050	4.32714e-20
681	68150	4.32714e-20
682	68250	4.32714e-20
683	68350	4.32714e-20
684	68450	3.64698e-20
685	68550	3.64698e-20
686	68650	3.56123e-20
687	68750	3.56123e-20
688	68850	3.56123e-20
689	68950	2.09119e-20
690	69050	2.09119e-20
691	69150	2.09119e-20
692	69250	2.09119e-20
693	69350	1.89389e-20
694	69450	1.78818e-20
695	69550	1.78818e-20
696	69650	1.78818e-20
697	69750	1.10078e-20
698	69850	1.10078e-20
699	69950	1.01815e-20
700	70050	9.68224e-21
701	70150	9.60028e-21
702	70250	9.60028e-21
703	70350	9.60028e-21
704	70450	8.76499e-21
705	70550	8.76499e-21
706	70650	8.37622e-21
707	70750	6.54231e-21
708	70850	6.54231e-21
709	70950	4.30725e-21
710	71050	4.30725e-21
711	71150	3.70023e-21
712	71250	2.73189e-21
713	71350	2.73189e-21
714	71450	2.73189e-21
715	71550	1.87045e-21
716	71650	1.87045e-21
717	71750	1.86976e-21
718	71850	1.86976e-21
719	71950	1.86976e-21
720	72050	1.26543e-21
721	72150	1.26543e-21
722	72250	1.26543e-21
723	72350	1.26543e-21
724	72450	1.26543e-21
725	72550	1.26543e-21
726	72650	6.92908e-22
727	72750	6.67656e-22
728	72850	6.67656e-22
729	72950	6.67656e-22
730	73050	6.67656e-22
731	73150	6.67656e-22
732	73250	6.67656e-22
733	73350	6.67656e-22
734	73450	6.67656e-22
735	73550	6.67656e-22
736	73650	6.67656e-22
737	73750	6.67656e-22
738	73850	6.46588e-22
739	73950	6.46588e-22
740	74050	1.78039e-22
741	74150	1.78039e-22
742	74250	1.78039e-22
743	74350	1.78039e-22
744	74450	1.78039e-22
745	74550	1.78039e-22
746	74650	1.78039e-22
747	74750	1.78039e-22
748	74850	1.78039e-22
749	74950	1.63517e-22
750	75050	1.31769e-22
751	75150	1.31769e-22
752	75250	1.20597e-22
753	75350	1.20597e-22
754	75450	1.20597e-22
755	75550	1.20597e-22
756	75650	8.04532e-23
757	75750	8.04532e-23
758	75850	7.61441e-23
759	75950	5.54322e-23
760	76050	5.46482e-23
761	76150	5.46482e-23
762	76250	5.03485e-23
763	76350	5.03485e-23
764	76450	5.03485e-23
765	76550	5.03485e-23
766	76650	5.03485e-23
767	76750	5.03485e-23
768	76850	4.21172e-23
769	76950	4.21172e-23
770	77050	2.71801e-23
771	77150	2.71801e-23
772	77250	2.71801e-23
773	77350	2.71801e-23
774	77450	2.71801e-23
775	77550	2.71801e-23
776	77650	2.71801e-23
777	77750	2.71801e-23
778	77850	1.79001e-23
779	77950	1.79001e-23
780	78050	1.79001e-23
781	78150	1.7854e-23
782	78250	1.7854e-23
783	78350	1.7854e-23
784	78450	1.7854e-23
785	78550	1.78098e-23
786	78650	1.32969e-23
787	78750	1.32969e-23
788	78850	1.15466e-23
789	78950	7.56429e-24
790	79050	7.56429e-24
791	79150	7.56429e-24
792	79250	7.56429e-24
793	79350	7.56429e-24
794	79450	6.36924e-24
795	79550	6.36924e-24
796	79650	6.36924e-24
797	79750	4.52318e-24
798	79850	4.52318e-24
799	79950	4.52318e-24
800	80050	1.92818e-24
801	80150	1.92818e-24
802	80250	1.92818e-24
803	80350	1.89167e-24
804	80450	1.89167e-24
805	80550	1.89167e-24
806	80650	1.89167e-24
807	80750	1.89167e-24
808	80850	1.89167e-24
809	80950	1.89167e-24
810	81050	1.2871e-24
811	81150	1.2871e-24
812	81250	1.23259e-24
813	81350	1.23259e-24
814	81450	1.23259e-24
815	81550	9.00203e-25
816	81650	9.00203e-25
817	81750	8.31268e-25
818	81850	8.31268e-25
819	81950	6.54349e-25
820	82050	4.10682e-25
821	82150	4.10682e-25
822	82250	4.10682e-25
823	82350	3.35547e-25
824	82450	3.35547e-25
825	82550	3.09713e-25
826	82650	1.52362e-25
827	82750	1.52362e-25
828	82850	1.52362e-25
829	82950	1.1622e-25
830	83050	1.1622e-25
831	83150	1.1622e-25
832	83250	1.1622e-25
833	83350	1.1622e-25
834	83450	1.1622e-25
835	83550	1.1622e-25
836	83650	1.00509e-25
837	83750	6.78654e-26
838	83850	6.78654e-26
839	83950	6.78654e-26
840	84050	6.78654e-26
841	84150	6.78654e-26
842	84250	6.78654e-26
843	84350	6.78654e-26
844	84450	6.78654e-26
845	84550	6.29625e-26
846	84650	4.03393e-26
847	84750	3.74236e-26
848	84850	3.46364e-26
849	84950	3.46364e-26
850	85050	3.46364e-26
851	85150	3.46364e-26
852	85250	3.39991e-26
853	85350	3.39991e-26
854	85450	1.89897e-26
855	85550	1.84722e-26
856	85650	1.84722e-26
857	85750	1.84722e-26
858	85850	1.84722e-26
859	85950	1.84722e-26
860	86050	1.84722e-26
861	86150	1.84722e-26
862	86250	1.84722e-26
863	86350	1.84722e-26
864	86450	1.77032e-26
865	86550	1.77032e-26
866	86650	1.23907e-26
867	86750	1.23907e-26
868	86850	1.23907e-26
869	86950	1.23907e-26
870	87050	1.23907e-26
871	87150	1.23907e-26
872	87250	1.0623e-26
873	87350	6.32244e-27
874	87450	5.77763e-27
875	87550	5.77763e-27
876	87650	5.47836e-27
877	87750	5.47836e-27
878	87850	5.47836e-27
879	87950	5.47836e-27
880	88050	5.47836e-27
881	88150	5.47836e-27
882	88250	3.92417e-27
883	88350	2.66069e-27
884	88450	2.66069e-27
885	88550	2.28115e-27
886	88650	2.28115e-27
887	88750	2.28115e-27
888	88850	2.28115e-27
889	88950	2.28115e-27
890	89050	6.68101e-28
891	89150	6.68101e-28
892	89250	6.68101e-28
893	89350	6.68101e-28
894	89450	6.68101e-28
895	89550	6.61707e-28
896	89650	6.61707e-28
897	89750	6.61707e-28
898	89850	6.61707e-28
899	89950	6.61707e-28
900	90050	6.61707e-28
901	90150	6.61707e-28
902	90250	6.61707e-28
903	90350	6.15535e-28
904	90450	6.15535e-28
905	90550	4.39795e-28
906	90650	2.8628e-28
907	90750	2.8628e-28
908	90850	2.8628e-28
909	90950	2.8628e-28
910	91050	2.30296e-28
911	91150	2.30296e-28
912	91250	2.30296e-28
913	91350	2.30296e-28
914	91450	2.30296e-28
915	91550	2.30296e-28
916	91650	2.30296e-28
917	91750	2.30296e-28
918	91850	2.30296e-28
919	91950	2.30296e-28
920	92050	2.30296e-28
921	92150	1.78913e-28
922	92250	1.78913e-28
923	92350	1.35511e-28
924	92450	8.82302e-29
925	92550	8.82302e-29
926	92650	8.82302e-29
927	92750	8.82302e-29
928	92850	8.82302e-29
929	92950	8.82302e-29
930	93050	8.82302e-29
931	93150	8.82302e-29
932	93250	8.82302e-29
933	93350	8.82302e-29
934	93450	8.82302e-29
935	93550	8.82302e-29
936	93650	8.82302e-29
937	93750	8.82302e-29
938	93850	8.82302e-29
939	93950	8.82302e-29
940	94050	8.11617e-29
941	94150	8.11617e-29
942	94250	6.41637e-29
943	94350	4.46436e-29
944	94450	4.46436e-29
945	94550	4.12909e-29
946	94650	4.12909e-29
947	94750	4.12909e-29
948	94850	4.12909e-29
949	94950	4.01121e-29
950	95050	3.94842e-29
951	95150	2.71381e-29
952	95250	2.71381e-29
953	95350	2.24082e-29
954	95450	2.24082e-29
955	95550	1.82277e-29
956	95650	1.82277e-29
957	95750	1.82277e-29
958	95850	1.82277e-29
959	95950	1.82277e-29
960	96050	1.82277e-29
961	96150	1.21046e-29
962	96250	6.84054e-30
963	96350	6.84054e-30
964	96450	6.84054e-30
965	96550	6.84054e-30
966	96650	6.84054e-30
967	96750	6.37833e-30
968	96850	6.37833e-30
969	96950	5.42806e-30
970	97050	5.42806e-30
971	97150	5.12787e-30
972	97250	4.96322e-30
973	97350	4.96322e-30
974	97450	4.96322e-30
975	97550	4.96322e-30
976	97650	4.07695e-30
977	97750	4.07695e-30
978	97850	4.07695e-30
979	97950	4.0739e-30
980	98050	4.0739e-30
981	98150	2.61673e-30
982	98250	2.61673e-30
983	98350	2.61673e-30
984	98450	2.61673e-30
985	98550	2.61673e-30
986	98650	2.61673e-30
987	98750	2.61673e-30
988	98850	2.61673e-30
989	98950	2.38111e-30
990	99050	2.38111e-30
991	99150	2.38111e-30
992	99250	2.38111e-30
993	99350	2.10366e-30
994	99450	2.10366e-30
995	99550	1.54163e-30
996	99650	1.52855e-30
997	99750	1.52855e-30
998	99850	7.01432e-31
999	99950	7.01432e-31
1000	100050	7.01432e-31
